41.5
41.501
41.502
41.503
41.504
41.505
41.506
41.507
41.508
41.509
41.51
41.511
41.512
41.513
41.514
41.515
41.516
41.517
41.518
41.519
41.52
41.521
41.522
41.523
41.524
41.525
41.526
41.527
41.528
41.529
41.53
41.531
41.532000000000004
41.533
41.534
41.535000000000004
41.536
41.537
41.538000000000004
41.539
41.54
41.541000000000004
41.542
41.543
41.544000000000004
41.545
41.546
41.547000000000004
41.548
41.549
41.550000000000004
41.551
41.552
41.553000000000004
41.554
41.555
41.556
41.557
41.558
41.559
41.56
41.561
41.562
41.563
41.564
41.565
41.566
41.567
41.568
41.569
41.57
41.571
41.572
41.573
41.574
41.575
41.576
41.577
41.578
41.579
41.58
41.581
41.582
41.583
41.584
41.585
41.586
41.587
41.588
41.589
41.59
41.591
41.592
41.593
41.594
41.595
41.596000000000004
41.597
41.598
41.599000000000004
41.6
41.601
41.602000000000004
41.603
41.604
41.605000000000004
41.606
41.607
41.608000000000004
41.609
41.61
41.611000000000004
41.612
41.613
41.614000000000004
41.615
41.616
41.617
41.618
41.619
41.62
41.621
41.622
41.623
41.624
41.625
41.626
41.627
41.628
41.629
41.63
41.631
41.632
41.633
41.634
41.635
41.636
41.637
41.638
41.639
41.64
41.641
41.642
41.643
41.644
41.645
41.646
41.647
41.648
41.649
41.65
41.651
41.652
41.653
41.654
41.655
41.656
41.657000000000004
41.658
41.659
41.660000000000004
41.661
41.662
41.663000000000004
41.664
41.665
41.666000000000004
41.667
41.668
41.669000000000004
41.67
41.671
41.672000000000004
41.673
41.674
41.675000000000004
41.676
41.677
41.678000000000004
41.679
41.68
41.681
41.682
41.683
41.684
41.685
41.686
41.687
41.688
41.689
41.69
41.691
41.692
41.693
41.694
41.695
41.696
41.697
41.698
41.699
41.7
41.701
41.702
41.703
41.704
41.705
41.706
41.707
41.708
41.709
41.71
41.711
41.712
41.713
41.714
41.715
41.716
41.717
41.718
41.719
41.72
41.721000000000004
41.722
41.723
41.724000000000004
41.725
41.726
41.727000000000004
41.728
41.729
41.730000000000004
41.731
41.732
41.733000000000004
41.734
41.735
41.736000000000004
41.737
41.738
41.739000000000004
41.74
41.741
41.742
41.743
41.744
41.745
41.746
41.747
41.748
41.749
41.75
41.751
41.752
41.753
41.754
41.755
41.756
41.757
41.758
41.759
41.76
41.761
41.762
41.763
41.764
41.765
41.766
41.767
41.768
41.769
41.77
41.771
41.772
41.773
41.774
41.775
41.776
41.777
41.778
41.779
41.78
41.781
41.782000000000004
41.783
41.784
41.785000000000004
41.786
41.787
41.788000000000004
41.789
41.79
41.791000000000004
41.792
41.793
41.794000000000004
41.795
41.796
41.797000000000004
41.798
41.799
41.800000000000004
41.801
41.802
41.803000000000004
41.804
41.805
41.806
41.807
41.808
41.809
41.81
41.811
41.812
41.813
41.814
41.815
41.816
41.817
41.818
41.819
41.82
41.821
41.822
41.823
41.824
41.825
41.826
41.827
41.828
41.829
41.83
41.831
41.832
41.833
41.834
41.835
41.836
41.837
41.838
41.839
41.84
41.841
41.842
41.843
41.844
41.845
41.846000000000004
41.847
41.848
41.849000000000004
41.85
41.851
41.852000000000004
41.853
41.854
41.855000000000004
41.856
41.857
41.858000000000004
41.859
41.86
41.861000000000004
41.862
41.863
41.864000000000004
41.865
41.866
41.867
41.868
41.869
41.87
41.871
41.872
41.873
41.874
41.875
41.876
41.877
41.878
41.879
41.88
41.881
41.882
41.883
41.884
41.885
41.886
41.887
41.888
41.889
41.89
41.891
41.892
41.893
41.894
41.895
41.896
41.897
41.898
41.899
41.9
41.901
41.902
41.903
41.904
41.905
41.906
41.907000000000004
41.908
41.909
41.910000000000004
41.911
41.912
41.913000000000004
41.914
41.915
41.916000000000004
41.917
41.918
41.919000000000004
41.92
41.921
41.922000000000004
41.923
41.924
41.925000000000004
41.926
41.927
41.928000000000004
41.929
41.93
41.931
41.932
41.933
41.934
41.935
41.936
41.937
41.938
41.939
41.94
41.941
41.942
41.943
41.944
41.945
41.946
41.947
41.948
41.949
41.95
41.951
41.952
41.953
41.954
41.955
41.956
41.957
41.958
41.959
41.96
41.961
41.962
41.963
41.964
41.965
41.966
41.967
41.968
41.969
41.97
41.971000000000004
41.972
41.973
41.974000000000004
41.975
41.976
41.977000000000004
41.978
41.979
41.980000000000004
41.981
41.982
41.983000000000004
41.984
41.985
41.986000000000004
41.987
41.988
41.989000000000004
41.99
41.991
41.992
41.993
41.994
41.995
41.996
41.997
41.998
41.999
42.0
42.001
42.002
42.003
42.004
42.005
42.006
42.007
42.008
42.009
42.01
42.011
42.012
42.013
42.014
42.015
42.016
42.017
42.018
42.019
42.02
42.021
42.022
42.023
42.024
42.025
42.026
42.027
42.028
42.029
42.03
42.031
42.032000000000004
42.033
42.034
42.035000000000004
42.036
42.037
42.038000000000004
42.039
42.04
42.041000000000004
42.042
42.043
42.044000000000004
42.045
42.046
42.047000000000004
42.048
42.049
42.050000000000004
42.051
42.052
42.053000000000004
42.054
42.055
42.056
42.057
42.058
42.059
42.06
42.061
42.062
42.063
42.064
42.065
42.066
42.067
42.068
42.069
42.07
42.071
42.072
42.073
42.074
42.075
42.076
42.077
42.078
42.079
42.08
42.081
42.082
42.083
42.084
42.085
42.086
42.087
42.088
42.089
42.09
42.091
42.092
42.093
42.094
42.095
42.096000000000004
42.097
42.098
42.099000000000004
42.1
42.101
42.102000000000004
42.103
42.104
42.105000000000004
42.106
42.107
42.108000000000004
42.109
42.11
42.111000000000004
42.112
42.113
42.114000000000004
42.115
42.116
42.117
42.118
42.119
42.12
42.121
42.122
42.123
42.124
42.125
42.126
42.127
42.128
42.129
42.13
42.131
42.132
42.133
42.134
42.135
42.136
42.137
42.138
42.139
42.14
42.141
42.142
42.143
42.144
42.145
42.146
42.147
42.148
42.149
42.15
42.151
42.152
42.153
42.154
42.155
42.156
42.157000000000004
42.158
42.159
42.160000000000004
42.161
42.162
42.163000000000004
42.164
42.165
42.166000000000004
42.167
42.168
42.169000000000004
42.17
42.171
42.172000000000004
42.173
42.174
42.175000000000004
42.176
42.177
42.178000000000004
42.179
42.18
42.181
42.182
42.183
42.184
42.185
42.186
42.187
42.188
42.189
42.19
42.191
42.192
42.193
42.194
42.195
42.196
42.197
42.198
42.199
42.2
42.201
42.202
42.203
42.204
42.205
42.206
42.207
42.208
42.209
42.21
42.211
42.212
42.213
42.214
42.215
42.216
42.217
42.218
42.219
42.22
42.221000000000004
42.222
42.223
42.224000000000004
42.225
42.226
42.227000000000004
42.228
42.229
42.230000000000004
42.231
42.232
42.233000000000004
42.234
42.235
42.236000000000004
42.237
42.238
42.239000000000004
42.24
42.241
42.242
42.243
42.244
42.245
42.246
42.247
42.248
42.249
42.25
42.251
42.252
42.253
42.254
42.255
42.256
42.257
42.258
42.259
42.26
42.261
42.262
42.263
42.264
42.265
42.266
42.267
42.268
42.269
42.27
42.271
42.272
42.273
42.274
42.275
42.276
42.277
42.278
42.279
42.28
42.281
42.282000000000004
42.283
42.284
42.285000000000004
42.286
42.287
42.288000000000004
42.289
42.29
42.291000000000004
42.292
42.293
42.294000000000004
42.295
42.296
42.297000000000004
42.298
42.299
42.300000000000004
42.301
42.302
42.303000000000004
42.304
42.305
42.306
42.307
42.308
42.309
42.31
42.311
42.312
42.313
42.314
42.315
42.316
42.317
42.318
42.319
42.32
42.321
42.322
42.323
42.324
42.325
42.326
42.327
42.328
42.329
42.33
42.331
42.332
42.333
42.334
42.335
42.336
42.337
42.338
42.339
42.34
42.341
42.342
42.343
42.344
42.345
42.346000000000004
42.347
42.348
42.349000000000004
42.35
42.351
42.352000000000004
42.353
42.354
42.355000000000004
42.356
42.357
42.358000000000004
42.359
42.36
42.361000000000004
42.362
42.363
42.364000000000004
42.365
42.366
42.367000000000004
42.368
42.369
42.37
42.371
42.372
42.373
42.374
42.375
42.376
42.377
42.378
42.379
42.38
42.381
42.382
42.383
42.384
42.385
42.386
42.387
42.388
42.389
42.39
42.391
42.392
42.393
42.394
42.395
42.396
42.397
42.398
42.399
42.4
42.401
42.402
42.403
42.404
42.405
42.406
42.407000000000004
42.408
42.409
42.410000000000004
42.411
42.412
42.413000000000004
42.414
42.415
42.416000000000004
42.417
42.418
42.419000000000004
42.42
42.421
42.422000000000004
42.423
42.424
42.425000000000004
42.426
42.427
42.428000000000004
42.429
42.43
42.431
42.432
42.433
42.434
42.435
42.436
42.437
42.438
42.439
42.44
42.441
42.442
42.443
42.444
42.445
42.446
42.447
42.448
42.449
42.45
42.451
42.452
42.453
42.454
42.455
42.456
42.457
42.458
42.459
42.46
42.461
42.462
42.463
42.464
42.465
42.466
42.467
42.468
42.469
42.47
42.471000000000004
42.472
42.473
42.474000000000004
42.475
42.476
42.477000000000004
42.478
42.479
42.480000000000004
42.481
42.482
42.483000000000004
42.484
42.485
42.486000000000004
42.487
42.488
42.489000000000004
42.49
42.491
42.492000000000004
42.493
42.494
42.495
42.496
42.497
42.498
42.499
42.5
42.501
42.502
42.503
42.504
42.505
42.506
42.507
42.508
42.509
42.51
42.511
42.512
42.513
42.514
42.515
42.516
42.517
42.518
42.519
42.52
42.521
42.522
42.523
42.524
42.525
42.526
42.527
42.528
42.529
42.53
42.531
42.532000000000004
42.533
42.534
42.535000000000004
42.536
42.537
42.538000000000004
42.539
42.54
42.541000000000004
42.542
42.543
42.544000000000004
42.545
42.546
42.547000000000004
42.548
42.549
42.550000000000004
42.551
42.552
42.553000000000004
42.554
42.555
42.556
42.557
42.558
42.559
42.56
42.561
42.562
42.563
42.564
42.565
42.566
42.567
42.568
42.569
42.57
42.571
42.572
42.573
42.574
42.575
42.576
42.577
42.578
42.579
42.58
42.581
42.582
42.583
42.584
42.585
42.586
42.587
42.588
42.589
42.59
42.591
42.592
42.593
42.594
42.595
42.596000000000004
42.597
42.598
42.599000000000004
42.6
42.601
42.602000000000004
42.603
42.604
42.605000000000004
42.606
42.607
42.608000000000004
42.609
42.61
42.611000000000004
42.612
42.613
42.614000000000004
42.615
42.616
42.617000000000004
42.618
42.619
42.62
42.621
42.622
42.623
42.624
42.625
42.626
42.627
42.628
42.629
42.63
42.631
42.632
42.633
42.634
42.635
42.636
42.637
42.638
42.639
42.64
42.641
42.642
42.643
42.644
42.645
42.646
42.647
42.648
42.649
42.65
42.651
42.652
42.653
42.654
42.655
42.656
42.657000000000004
42.658
42.659
42.660000000000004
42.661
42.662
42.663000000000004
42.664
42.665
42.666000000000004
42.667
42.668
42.669000000000004
42.67
42.671
42.672000000000004
42.673
42.674
42.675000000000004
42.676
42.677
42.678000000000004
42.679
42.68
42.681
42.682
42.683
42.684
42.685
42.686
42.687
42.688
42.689
42.69
42.691
42.692
42.693
42.694
42.695
42.696
42.697
42.698
42.699
42.7
42.701
42.702
42.703
42.704
42.705
42.706
42.707
42.708
42.709
42.71
42.711
42.712
42.713
42.714
42.715
42.716
42.717
42.718
42.719
42.72
42.721000000000004
42.722
42.723
42.724000000000004
42.725
42.726
42.727000000000004
42.728
42.729
42.730000000000004
42.731
42.732
42.733000000000004
42.734
42.735
42.736000000000004
42.737
42.738
42.739000000000004
42.74
42.741
42.742000000000004
42.743
42.744
42.745
42.746
42.747
42.748
42.749
42.75
42.751
42.752
42.753
42.754
42.755
42.756
42.757
42.758
42.759
42.76
42.761
42.762
42.763
42.764
42.765
42.766
42.767
42.768
42.769
42.77
42.771
42.772
42.773
42.774
42.775
42.776
42.777
42.778
42.779
42.78
42.781
42.782000000000004
42.783
42.784
42.785000000000004
42.786
42.787
42.788000000000004
42.789
42.79
42.791000000000004
42.792
42.793
42.794000000000004
42.795
42.796
42.797000000000004
42.798
42.799
42.800000000000004
42.801
42.802
42.803000000000004
42.804
42.805
42.806
42.807
42.808
42.809
42.81
42.811
42.812
42.813
42.814
42.815
42.816
42.817
42.818
42.819
42.82
42.821
42.822
42.823
42.824
42.825
42.826
42.827
42.828
42.829
42.83
42.831
42.832
42.833
42.834
42.835
42.836
42.837
42.838
42.839
42.84
42.841
42.842
42.843
42.844
42.845
42.846000000000004
42.847
42.848
42.849000000000004
42.85
42.851
42.852000000000004
42.853
42.854
42.855000000000004
42.856
42.857
42.858000000000004
42.859
42.86
42.861000000000004
42.862
42.863
42.864000000000004
42.865
42.866
42.867000000000004
42.868
42.869
42.87
42.871
42.872
42.873
42.874
42.875
42.876
42.877
42.878
42.879
42.88
42.881
42.882
42.883
42.884
42.885
42.886
42.887
42.888
42.889
42.89
42.891
42.892
42.893
42.894
42.895
42.896
42.897
42.898
42.899
42.9
42.901
42.902
42.903
42.904
42.905
42.906
42.907000000000004
42.908
42.909
42.910000000000004
42.911
42.912
42.913000000000004
42.914
42.915
42.916000000000004
42.917
42.918
42.919000000000004
42.92
42.921
42.922000000000004
42.923
42.924
42.925000000000004
42.926
42.927
42.928000000000004
42.929
42.93
42.931
42.932
42.933
42.934
42.935
42.936
42.937
42.938
42.939
42.94
42.941
42.942
42.943
42.944
42.945
42.946
42.947
42.948
42.949
42.95
42.951
42.952
42.953
42.954
42.955
42.956
42.957
42.958
42.959
42.96
42.961
42.962
42.963
42.964
42.965
42.966
42.967
42.968
42.969
42.97
42.971000000000004
42.972
42.973
42.974000000000004
42.975
42.976
42.977000000000004
42.978
42.979
42.980000000000004
42.981
42.982
42.983000000000004
42.984
42.985
42.986000000000004
42.987
42.988
42.989000000000004
42.99
42.991
42.992000000000004
42.993
42.994
42.995
42.996
42.997
42.998
42.999
43.0
43.001
43.002
43.003
43.004
43.005
43.006
43.007
43.008
43.009
43.01
43.011
43.012
43.013
43.014
43.015
43.016
43.017
43.018
43.019
43.02
43.021
43.022
43.023
43.024
43.025
43.026
43.027
43.028
43.029
43.03
43.031
43.032000000000004
43.033
43.034
43.035000000000004
43.036
43.037
43.038000000000004
43.039
43.04
43.041000000000004
43.042
43.043
43.044000000000004
43.045
43.046
43.047000000000004
43.048
43.049
43.050000000000004
43.051
43.052
43.053000000000004
43.054
43.055
43.056
43.057
43.058
43.059
43.06
43.061
43.062
43.063
43.064
43.065
43.066
43.067
43.068
43.069
43.07
43.071
43.072
43.073
43.074
43.075
43.076
43.077
43.078
43.079
43.08
43.081
43.082
43.083
43.084
43.085
43.086
43.087
43.088
43.089
43.09
43.091
43.092
43.093
43.094
43.095
43.096000000000004
43.097
43.098
43.099000000000004
43.1
43.101
43.102000000000004
43.103
43.104
43.105000000000004
43.106
43.107
43.108000000000004
43.109
43.11
43.111000000000004
43.112
43.113
43.114000000000004
43.115
43.116
43.117000000000004
43.118
43.119
43.12
43.121
43.122
43.123
43.124
43.125
43.126
43.127
43.128
43.129
43.13
43.131
43.132
43.133
43.134
43.135
43.136
43.137
43.138
43.139
43.14
43.141
43.142
43.143
43.144
43.145
43.146
43.147
43.148
43.149
43.15
43.151
43.152
43.153
43.154
43.155
43.156
43.157000000000004
43.158
43.159
43.160000000000004
43.161
43.162
43.163000000000004
43.164
43.165
43.166000000000004
43.167
43.168
43.169000000000004
43.17
43.171
43.172000000000004
43.173
43.174
43.175000000000004
43.176
43.177
43.178000000000004
43.179
43.18
43.181
43.182
43.183
43.184
43.185
43.186
43.187
43.188
43.189
43.19
43.191
43.192
43.193
43.194
43.195
43.196
43.197
43.198
43.199
43.2
43.201
43.202
43.203
43.204
43.205
43.206
43.207
43.208
43.209
43.21
43.211
43.212
43.213
43.214
43.215
43.216
43.217
43.218
43.219
43.22
43.221000000000004
43.222
43.223
43.224000000000004
43.225
43.226
43.227000000000004
43.228
43.229
43.230000000000004
43.231
43.232
43.233000000000004
43.234
43.235
43.236000000000004
43.237
43.238
43.239000000000004
43.24
43.241
43.242000000000004
43.243
43.244
43.245
43.246
43.247
43.248
43.249
43.25
43.251
43.252
43.253
43.254
43.255
43.256
43.257
43.258
43.259
43.26
43.261
43.262
43.263
43.264
43.265
43.266
43.267
43.268
43.269
43.27
43.271
43.272
43.273
43.274
43.275
43.276
43.277
43.278
43.279
43.28
43.281
43.282000000000004
43.283
43.284
43.285000000000004
43.286
43.287
43.288000000000004
43.289
43.29
43.291000000000004
43.292
43.293
43.294000000000004
43.295
43.296
43.297000000000004
43.298
43.299
43.300000000000004
43.301
43.302
43.303000000000004
43.304
43.305
43.306
43.307
43.308
43.309
43.31
43.311
43.312
43.313
43.314
43.315
43.316
43.317
43.318
43.319
43.32
43.321
43.322
43.323
43.324
43.325
43.326
43.327
43.328
43.329
43.33
43.331
43.332
43.333
43.334
43.335
43.336
43.337
43.338
43.339
43.34
43.341
43.342
43.343
43.344
43.345
43.346000000000004
43.347
43.348
43.349000000000004
43.35
43.351
43.352000000000004
43.353
43.354
43.355000000000004
43.356
43.357
43.358000000000004
43.359
43.36
43.361000000000004
43.362
43.363
43.364000000000004
43.365
43.366
43.367000000000004
43.368
43.369
43.37
43.371
43.372
43.373
43.374
43.375
43.376
43.377
43.378
43.379
43.38
43.381
43.382
43.383
43.384
43.385
43.386
43.387
43.388
43.389
43.39
43.391
43.392
43.393
43.394
43.395
43.396
43.397
43.398
43.399
43.4
43.401
43.402
43.403
43.404
43.405
43.406
43.407000000000004
43.408
43.409
43.410000000000004
43.411
43.412
43.413000000000004
43.414
43.415
43.416000000000004
43.417
43.418
43.419000000000004
43.42
43.421
43.422000000000004
43.423
43.424
43.425000000000004
43.426
43.427
43.428000000000004
43.429
43.43
43.431
43.432
43.433
43.434
43.435
43.436
43.437
43.438
43.439
43.44
43.441
43.442
43.443
43.444
43.445
43.446
43.447
43.448
43.449
43.45
43.451
43.452
43.453
43.454
43.455
43.456
43.457
43.458
43.459
43.46
43.461
43.462
43.463
43.464
43.465
43.466
43.467
43.468
43.469
43.47
43.471000000000004
43.472
43.473
43.474000000000004
43.475
43.476
43.477000000000004
43.478
43.479
43.480000000000004
43.481
43.482
43.483000000000004
43.484
43.485
43.486000000000004
43.487
43.488
43.489000000000004
43.49
43.491
43.492000000000004
43.493
43.494
43.495
43.496
43.497
43.498
43.499
