-4.84375
-4.84375
-4.84375
-4.84375
-4.84375
-4.84375
-4.84375
-4.84375
-4.84375
-4.84375
-4.84375
-4.84375
-4.84375
-4.84375
-4.84375
-4.84375
-4.84375
-4.84375
-4.84375
-4.84375
-4.84375
-4.84375
-4.84375
-4.84375
-4.84375
-4.84375
-4.84375
-4.84375
-4.84375
-4.84375
-4.84375
-4.84375
-4.84375
-4.84375
-4.84375
-4.84375
-4.84375
-4.84375
-4.84375
-4.84375
-4.84375
-4.84375
-4.84375
-4.84375
-4.84375
-4.84375
-4.84375
-4.84375
-4.84375
-4.84375
-4.84375
-4.84375
-4.84375
-4.84375
-4.84375
-4.84375
-4.84375
-4.84375
-4.84375
-4.84375
-4.84375
-4.84375
-4.84375
-4.84375
-4.84375
-4.84375
-4.84375
-4.84375
-4.84375
-4.84375
-4.84375
-4.84375
-4.84375
-4.84375
-4.84375
-4.84375
-4.84375
-4.84375
-4.84375
-4.84375
-4.84375
-4.84375
-4.84375
-4.84375
-4.84375
-4.84375
-4.84375
-4.84375
-4.84375
-4.84375
-4.84375
-4.84375
-4.84375
-4.84375
-4.84375
-4.84375
-4.84375
-4.84375
-4.84375
-4.84375
-4.84375
-4.84375
-4.84375
-4.84375
-4.84375
-4.84375
-4.84375
-4.84375
-4.84375
-4.84375
-4.84375
-4.84375
-4.84375
-4.84375
-4.84375
-4.84375
-4.84375
-4.84375
-4.84375
-4.84375
-4.84375
-4.84375
-4.84375
-4.84375
-4.84375
-4.84375
-4.84375
-4.84375
-4.84375
-4.84375
-4.84375
-4.84375
-4.84375
-4.84375
-4.84375
-4.84375
-4.84375
-4.84375
-4.84375
-4.84375
-4.84375
-4.84375
-4.84375
-4.84375
-4.84375
-4.84375
-4.84375
-4.84375
-4.84375
-4.84375
-4.84375
-4.84375
-4.84375
-4.84375
-4.84375
-4.84375
-4.84375
-4.84375
-4.84375
-4.84375
-4.84375
-4.84375
-4.84375
-4.84375
-4.84375
-4.84375
-4.84375
-4.84375
-4.84375
-4.84375
-4.84375
-4.84375
-4.84375
-4.84375
-4.84375
-4.84375
-4.84375
-4.84375
-4.84375
-4.84375
-4.84375
-4.84375
-4.84375
-4.84375
-4.84375
-4.84375
-4.84375
-4.84375
-4.84375
-4.84375
-4.84375
-4.84375
-4.84375
-4.84375
-4.84375
-4.84375
-4.84375
-4.84375
-4.84375
-4.84375
-4.84375
-4.84375
-4.84375
-4.84375
-4.84375
-4.84375
-4.84375
-4.84375
-4.84375
-4.84375
-4.84375
-4.84375
-4.84375
-4.84375
-4.84375
-4.84375
-4.84375
-4.84375
-4.84375
-4.84375
-4.84375
-4.84375
-4.84375
-4.84375
-4.84375
-4.84375
-4.84375
-4.84375
-4.84375
-4.84375
-4.84375
-4.84375
-4.84375
-4.84375
-4.84375
-4.84375
-4.84375
-4.84375
-4.84375
-4.84375
-4.84375
-4.84375
-4.84375
-4.84375
-4.84375
-4.84375
-4.84375
-4.84375
-4.84375
-4.84375
-4.84375
-4.84375
-4.84375
-4.84375
-4.84375
-4.84375
-4.84375
-4.84375
-4.84375
-4.84375
-4.84375
-4.84375
-4.84375
-4.84375
-4.84375
-4.84375
-4.84375
-4.84375
-4.84375
-4.84375
-4.84375
-4.84375
-4.84375
-4.84375
-4.84375
-4.84375
-4.84375
-4.625
-4.40625
-4.21875
-4.03125
-3.875
-3.71875
-3.5625
-3.40625
-3.28125
-3.15625
-3.0625
-2.9375
-2.84375
-2.75
-2.6875
-2.59375
-2.53125
-2.4375
-2.375
-2.3125
-2.25
-2.1875
-2.15625
-2.09375
-2.03125
-2.0
-1.96875
-1.90625
-1.875
-1.8125
-1.75
-1.6875
-1.625
-1.5625
-1.53125
-1.5
-1.5
-1.53125
-1.53125
-1.53125
-1.5625
-1.5625
-1.5625
-1.5625
-1.5625
-1.53125
-1.53125
-1.53125
-1.53125
-1.53125
-1.5
-1.5
-1.5
-1.46875
-1.4375
-1.40625
-1.375
-1.34375
-1.28125
-1.25
-1.25
-1.28125
-1.3125
-1.34375
-1.375
-1.375
-1.40625
-1.40625
-1.40625
-1.4375
-1.4375
-1.4375
-1.4375
-1.4375
-1.4375
-1.4375
-1.40625
-1.40625
-1.40625
-1.375
-1.34375
-1.3125
-1.25
-1.21875
-1.21875
-1.21875
-1.25
-1.28125
-1.3125
-1.34375
-1.375
-1.375
-1.375
-1.40625
-1.40625
-1.40625
-1.40625
-1.40625
-1.40625
-1.40625
-1.40625
-1.40625
-1.40625
-1.375
-1.34375
-1.3125
-1.28125
-1.21875
-1.21875
-1.21875
-1.25
-1.28125
-1.3125
-1.34375
-1.34375
-1.375
-1.375
-1.40625
-1.40625
-1.40625
-1.40625
-1.40625
-1.40625
-1.40625
-1.40625
-1.40625
-1.40625
-1.375
-1.375
-1.34375
-1.28125
-1.25
-1.21875
-1.21875
-1.21875
-1.25
-1.28125
-1.3125
-1.34375
-1.375
-1.375
-1.375
-1.40625
-1.40625
-1.40625
-1.40625
-1.40625
-1.40625
-1.40625
-1.40625
-1.40625
-1.375
-1.375
-1.34375
-1.3125
-1.25
-1.21875
-1.21875
-1.21875
-1.25
-1.28125
-1.3125
-1.34375
-1.34375
-1.375
-1.375
-1.40625
-1.40625
-1.40625
-1.40625
-1.40625
-1.40625
-1.40625
-1.40625
-1.40625
-1.40625
-1.375
-1.375
-1.3125
-1.28125
-1.25
-1.21875
-1.21875
-1.21875
-1.25
-1.28125
-1.3125
-1.34375
-1.375
-1.375
-1.375
-1.40625
-1.40625
-1.40625
-1.40625
-1.40625
-1.40625
-1.40625
-1.40625
-1.40625
-1.375
-1.375
-1.34375
-1.3125
-1.25
-1.21875
-1.21875
-1.21875
-1.25
-1.28125
-1.3125
-1.34375
-1.34375
-1.375
-1.375
-1.40625
-1.40625
-1.40625
-1.40625
-1.40625
-1.40625
-1.40625
-1.40625
-1.40625
-1.375
-1.375
-1.34375
-1.3125
-1.28125
-1.21875
-1.21875
-1.21875
-1.25
-1.28125
-1.3125
-1.34375
-1.34375
-1.375
-1.375
-1.375
-1.40625
-1.40625
-1.40625
-1.40625
-1.40625
-1.40625
-1.40625
-1.40625
-1.40625
-1.375
-1.375
-1.34375
-1.28125
-1.25
-1.21875
-1.21875
-1.21875
-1.25
-1.28125
-1.3125
-1.34375
-1.34375
-1.375
-1.375
-1.40625
-1.40625
-1.40625
-1.40625
-1.40625
-1.40625
-1.40625
-1.40625
-1.40625
-1.40625
-1.375
-1.34375
-1.3125
-1.25
-1.21875
-1.21875
-1.21875
-1.25
-1.28125
-1.3125
-1.34375
-1.34375
-1.375
-1.375
-1.40625
-1.40625
-1.40625
-1.40625
-1.40625
-1.40625
-1.40625
-1.40625
-1.40625
-1.40625
-1.375
-1.375
-1.34375
-1.28125
-1.25
-1.21875
-1.21875
-1.21875
-1.25
-1.28125
-1.3125
-1.34375
-1.375
-1.375
-1.375
-1.40625
-1.40625
-1.40625
-1.40625
-1.40625
-1.40625
-1.40625
-1.40625
-1.40625
-1.375
-1.375
-1.34375
-1.3125
-1.25
-1.21875
-1.21875
-1.21875
-1.25
-1.28125
-1.3125
-1.34375
-1.34375
-1.375
-1.375
-1.40625
-1.40625
-1.40625
-1.40625
-1.40625
-1.40625
-1.40625
-1.40625
-1.40625
-1.375
-1.375
-1.34375
-1.3125
-1.28125
-1.21875
-1.21875
-1.21875
-1.25
-1.28125
-1.3125
-1.3125
-1.34375
-1.375
-1.375
-1.375
-1.40625
-1.40625
-1.40625
-1.40625
-1.40625
-1.40625
-1.40625
-1.40625
-1.40625
-1.375
-1.375
-1.34375
-1.28125
-1.25
-1.21875
-1.21875
-1.21875
-1.25
-1.28125
-1.3125
-1.34375
-1.34375
-1.375
-1.375
-1.40625
-1.40625
-1.40625
-1.40625
-1.40625
-1.40625
-1.40625
-1.40625
-1.40625
-1.40625
-1.375
-1.34375
-1.3125
-1.28125
-1.21875
-1.21875
-1.21875
-1.25
-1.28125
-1.3125
-1.34375
-1.34375
-1.375
-1.375
-1.40625
-1.40625
-1.40625
-1.40625
-1.40625
-1.40625
-1.40625
-1.40625
-1.40625
-1.40625
-1.375
-1.375
-1.34375
-1.28125
-1.25
-1.21875
-1.21875
-1.21875
-1.25
-1.28125
-1.3125
-1.34375
-1.375
-1.375
-1.375
-1.40625
-1.40625
-1.40625
-1.40625
-1.40625
-1.40625
-1.40625
-1.40625
-1.40625
-1.375
-1.375
-1.34375
-1.3125
-1.25
-1.21875
-1.21875
-1.21875
-1.25
-1.28125
-1.3125
-1.34375
-1.34375
-1.375
-1.375
-1.40625
-1.40625
-1.40625
-1.40625
-1.40625
-1.40625
-1.40625
-1.40625
-1.40625
-1.40625
-1.375
-1.34375
-1.3125
-1.28125
-1.21875
-1.21875
-1.21875
-1.21875
-1.28125
-1.3125
-1.3125
-1.34375
-1.375
-1.375
-1.375
-1.40625
-1.40625
-1.40625
-1.40625
-1.40625
-1.40625
-1.40625
-1.40625
-1.40625
-1.375
-1.375
-1.34375
-1.3125
-1.25
-1.21875
-1.21875
-1.4375
-1.6875
-1.90625
-2.125
-2.3125
-2.5
-2.65625
-2.8125
-2.9375
-3.0625
-3.1875
-3.3125
-3.40625
-3.5
-3.59375
-3.6875
-3.75
-3.8125
-3.90625
-3.96875
-4.0
-4.0625
-4.125
-4.15625
-4.21875
-4.25
-4.28125
-4.34375
-4.375
-4.40625
-4.4375
-4.46875
-4.46875
-4.5
-4.53125
-4.5625
-4.5625
-4.59375
-4.59375
-4.625
-4.625
-4.65625
-4.65625
-4.6875
-4.6875
-4.6875
-4.71875
-4.71875
-4.71875
-4.75
-4.75
-4.75
-4.75
-4.75
-4.78125
-4.78125
-4.78125
-4.78125
-4.78125
-4.78125
-4.78125
-4.8125
-4.8125
-4.8125
-4.8125
-4.8125
-4.8125
-4.8125
-4.8125
-4.8125
-4.8125
-4.8125
-4.8125
-4.8125
-4.8125
-4.84375
-4.84375
-4.84375
-4.84375
-4.84375
-4.84375
-4.84375
-4.84375
-4.84375
-4.84375
-4.84375
-4.84375
-4.84375
-4.84375
-4.84375
-4.84375
-4.84375
-4.84375
-4.84375
-4.84375
-4.84375
-4.84375
-4.84375
-4.84375
-4.84375
-4.84375
-4.84375
-4.84375
-4.84375
-4.84375
-4.84375
-4.84375
-4.84375
-4.84375
-4.84375
-4.84375
-4.84375
-4.84375
-4.84375
-4.84375
-4.84375
-4.84375
-4.84375
-4.84375
-4.84375
-4.84375
-4.84375
-4.84375
-4.84375
-4.84375
-4.84375
-4.84375
-4.84375
-4.84375
-4.84375
-4.84375
-4.84375
-4.84375
-4.84375
-4.84375
-4.84375
-4.84375
-4.84375
-4.84375
-4.84375
-4.84375
-4.84375
-4.84375
-4.84375
-4.84375
-4.84375
-4.84375
-4.84375
-4.84375
-4.84375
-4.84375
-4.84375
-4.84375
-4.84375
-4.84375
-4.84375
-4.84375
-4.84375
-4.84375
-4.84375
-4.84375
-4.84375
-4.84375
-4.84375
-4.84375
-4.84375
-4.84375
-4.84375
-4.84375
-4.84375
-4.84375
-4.84375
-4.84375
-4.84375
-4.84375
-4.84375
-4.84375
-4.84375
-4.84375
-4.84375
-4.84375
-4.84375
-4.84375
-4.84375
-4.84375
-4.84375
-4.84375
-4.84375
-4.84375
-4.84375
-4.84375
-4.84375
-4.84375
-4.84375
-4.84375
-4.84375
-4.84375
-4.84375
-4.84375
-4.84375
-4.84375
-4.84375
-4.84375
-4.84375
-4.84375
-4.84375
-4.84375
-4.84375
-4.84375
-4.84375
-4.84375
-4.84375
-4.84375
-4.84375
-4.84375
-4.84375
-4.84375
-4.84375
-4.84375
-4.84375
-4.84375
-4.84375
-4.84375
