25.0
25.001
25.002
25.003
25.004
25.005
25.006
25.007
25.008
25.009
25.01
25.011
25.012
25.013
25.014
25.015
25.016000000000002
25.017
25.018
25.019000000000002
25.02
25.021
25.022000000000002
25.023
25.024
25.025000000000002
25.026
25.027
25.028000000000002
25.029
25.03
25.031
25.032
25.033
25.034
25.035
25.036
25.037
25.038
25.039
25.04
25.041
25.042
25.043
25.044
25.045
25.046
25.047
25.048000000000002
25.049
25.05
25.051000000000002
25.052
25.053
25.054000000000002
25.055
25.056
25.057000000000002
25.058
25.059
25.060000000000002
25.061
25.062
25.063
25.064
25.065
25.066
25.067
25.068
25.069
25.07
25.071
25.072
25.073
25.074
25.075
25.076
25.077
25.078
25.079
25.080000000000002
25.081
25.082
25.083000000000002
25.084
25.085
25.086000000000002
25.087
25.088
25.089000000000002
25.09
25.091
25.092
25.093
25.094
25.095
25.096
25.097
25.098
25.099
25.1
25.101
25.102
25.103
25.104
25.105
25.106
25.107
25.108
25.109
25.11
25.111
25.112000000000002
25.113
25.114
25.115000000000002
25.116
25.117
25.118000000000002
25.119
25.12
25.121000000000002
25.122
25.123
25.124
25.125
25.126
25.127
25.128
25.129
25.13
25.131
25.132
25.133
25.134
25.135
25.136
25.137
25.138
25.139
25.14
25.141000000000002
25.142
25.143
25.144000000000002
25.145
25.146
25.147000000000002
25.148
25.149
25.150000000000002
25.151
25.152
25.153000000000002
25.154
25.155
25.156
25.157
25.158
25.159
25.16
25.161
25.162
25.163
25.164
25.165
25.166
25.167
25.168
25.169
25.17
25.171
25.172
25.173000000000002
25.174
25.175
25.176000000000002
25.177
25.178
25.179000000000002
25.18
25.181
25.182000000000002
25.183
25.184
25.185000000000002
25.186
25.187
25.188
25.189
25.19
25.191
25.192
25.193
25.194
25.195
25.196
25.197
25.198
25.199
25.2
25.201
25.202
25.203
25.204
25.205000000000002
25.206
25.207
25.208000000000002
25.209
25.21
25.211000000000002
25.212
25.213
25.214000000000002
25.215
25.216
25.217
25.218
25.219
25.22
25.221
25.222
25.223
25.224
25.225
25.226
25.227
25.228
25.229
25.23
25.231
25.232
25.233
25.234
25.235
25.236
25.237000000000002
25.238
25.239
25.240000000000002
25.241
25.242
25.243000000000002
25.244
25.245
25.246000000000002
25.247
25.248
25.249
25.25
25.251
25.252
25.253
25.254
25.255
25.256
25.257
25.258
25.259
25.26
25.261
25.262
25.263
25.264
25.265
25.266000000000002
25.267
25.268
25.269000000000002
25.27
25.271
25.272000000000002
25.273
25.274
25.275000000000002
25.276
25.277
25.278000000000002
25.279
25.28
25.281
25.282
25.283
25.284
25.285
25.286
25.287
25.288
25.289
25.29
25.291
25.292
25.293
25.294
25.295
25.296
25.297
25.298000000000002
25.299
25.3
25.301000000000002
25.302
25.303
25.304000000000002
25.305
25.306
25.307000000000002
25.308
25.309
25.310000000000002
25.311
25.312
25.313
25.314
25.315
25.316
25.317
25.318
25.319
25.32
25.321
25.322
25.323
25.324
25.325
25.326
25.327
25.328
25.329
25.330000000000002
25.331
25.332
25.333000000000002
25.334
25.335
25.336000000000002
25.337
25.338
25.339000000000002
25.34
25.341
25.342000000000002
25.343
25.344
25.345
25.346
25.347
25.348
25.349
25.35
25.351
25.352
25.353
25.354
25.355
25.356
25.357
25.358
25.359
25.36
25.361
25.362000000000002
25.363
25.364
25.365000000000002
25.366
25.367
25.368000000000002
25.369
25.37
25.371000000000002
25.372
25.373
25.374
25.375
25.376
25.377
25.378
25.379
25.38
25.381
25.382
25.383
25.384
25.385
25.386
25.387
25.388
25.389
25.39
25.391000000000002
25.392
25.393
25.394000000000002
25.395
25.396
25.397000000000002
25.398
25.399
25.400000000000002
25.401
25.402
25.403000000000002
25.404
25.405
25.406
25.407
25.408
25.409
25.41
25.411
25.412
25.413
25.414
25.415
25.416
25.417
25.418
25.419
25.42
25.421
25.422
25.423000000000002
25.424
25.425
25.426000000000002
25.427
25.428
25.429000000000002
25.43
25.431
25.432000000000002
25.433
25.434
25.435000000000002
25.436
25.437
25.438
25.439
25.44
25.441
25.442
25.443
25.444
25.445
25.446
25.447
25.448
25.449
25.45
25.451
25.452
25.453
25.454
25.455000000000002
25.456
25.457
25.458000000000002
25.459
25.46
25.461000000000002
25.462
25.463
25.464000000000002
25.465
25.466
25.467000000000002
25.468
25.469
25.47
25.471
25.472
25.473
25.474
25.475
25.476
25.477
25.478
25.479
25.48
25.481
25.482
25.483
25.484
25.485
25.486
25.487000000000002
25.488
25.489
25.490000000000002
25.491
25.492
25.493000000000002
25.494
25.495
25.496000000000002
25.497
25.498
25.499
25.5
25.501
25.502
25.503
25.504
25.505
25.506
25.507
25.508
25.509
25.51
25.511
25.512
25.513
25.514
25.515
25.516000000000002
25.517
25.518
25.519000000000002
25.52
25.521
25.522000000000002
25.523
25.524
25.525000000000002
25.526
25.527
25.528000000000002
25.529
25.53
25.531
25.532
25.533
25.534
25.535
25.536
25.537
25.538
25.539
25.54
25.541
25.542
25.543
25.544
25.545
25.546
25.547
25.548000000000002
25.549
25.55
25.551000000000002
25.552
25.553
25.554000000000002
25.555
25.556
25.557000000000002
25.558
25.559
25.560000000000002
25.561
25.562
25.563
25.564
25.565
25.566
25.567
25.568
25.569
25.57
25.571
25.572
25.573
25.574
25.575
25.576
25.577
25.578
25.579
25.580000000000002
25.581
25.582
25.583000000000002
25.584
25.585
25.586000000000002
25.587
25.588
25.589000000000002
25.59
25.591
25.592000000000002
25.593
25.594
25.595
25.596
25.597
25.598
25.599
25.6
25.601
25.602
25.603
25.604
25.605
25.606
25.607
25.608
25.609
25.61
25.611
25.612000000000002
25.613
25.614
25.615000000000002
25.616
25.617
25.618000000000002
25.619
25.62
25.621000000000002
25.622
25.623
25.624
25.625
25.626
25.627
25.628
25.629
25.63
25.631
25.632
25.633
25.634
25.635
25.636
25.637
25.638
25.639
25.64
25.641000000000002
25.642
25.643
25.644000000000002
25.645
25.646
25.647000000000002
25.648
25.649
25.650000000000002
25.651
25.652
25.653000000000002
25.654
25.655
25.656
25.657
25.658
25.659
25.66
25.661
25.662
25.663
25.664
25.665
25.666
25.667
25.668
25.669
25.67
25.671
25.672
25.673000000000002
25.674
25.675
25.676000000000002
25.677
25.678
25.679000000000002
25.68
25.681
25.682000000000002
25.683
25.684
25.685000000000002
25.686
25.687
25.688
25.689
25.69
25.691
25.692
25.693
25.694
25.695
25.696
25.697
25.698
25.699
25.7
25.701
25.702
25.703
25.704
25.705000000000002
25.706
25.707
25.708000000000002
25.709
25.71
25.711000000000002
25.712
25.713
25.714000000000002
25.715
25.716
25.717000000000002
25.718
25.719
25.72
25.721
25.722
25.723
25.724
25.725
25.726
25.727
25.728
25.729
25.73
25.731
25.732
25.733
25.734
25.735
25.736
25.737000000000002
25.738
25.739
25.740000000000002
25.741
25.742
25.743000000000002
25.744
25.745
25.746000000000002
25.747
25.748
25.749
25.75
25.751
25.752
25.753
25.754
25.755
25.756
25.757
25.758
25.759
25.76
25.761
25.762
25.763
25.764
25.765
25.766000000000002
25.767
25.768
25.769000000000002
25.77
25.771
25.772000000000002
25.773
25.774
25.775000000000002
25.776
25.777
25.778000000000002
25.779
25.78
25.781
25.782
25.783
25.784
25.785
25.786
25.787
25.788
25.789
25.79
25.791
25.792
25.793
25.794
25.795
25.796
25.797
25.798000000000002
25.799
25.8
25.801000000000002
25.802
25.803
25.804000000000002
25.805
25.806
25.807000000000002
25.808
25.809
25.810000000000002
25.811
25.812
25.813
25.814
25.815
25.816
25.817
25.818
25.819
25.82
25.821
25.822
25.823
25.824
25.825
25.826
25.827
25.828
25.829
25.830000000000002
25.831
25.832
25.833000000000002
25.834
25.835
25.836000000000002
25.837
25.838
25.839000000000002
25.84
25.841
25.842000000000002
25.843
25.844
25.845
25.846
25.847
25.848
25.849
25.85
25.851
25.852
25.853
25.854
25.855
25.856
25.857
25.858
25.859
25.86
25.861
25.862000000000002
25.863
25.864
25.865000000000002
25.866
25.867
25.868000000000002
25.869
25.87
25.871000000000002
25.872
25.873
25.874
25.875
25.876
25.877
25.878
25.879
25.88
25.881
25.882
25.883
25.884
25.885
25.886
25.887
25.888
25.889
25.89
25.891000000000002
25.892
25.893
25.894000000000002
25.895
25.896
25.897000000000002
25.898
25.899
25.900000000000002
25.901
25.902
25.903000000000002
25.904
25.905
25.906
25.907
25.908
25.909
25.91
25.911
25.912
25.913
25.914
25.915
25.916
25.917
25.918
25.919
25.92
25.921
25.922
25.923000000000002
25.924
25.925
25.926000000000002
25.927
25.928
25.929000000000002
25.93
25.931
25.932000000000002
25.933
25.934
25.935000000000002
25.936
25.937
25.938
25.939
25.94
25.941
25.942
25.943
25.944
25.945
25.946
25.947
25.948
25.949
25.95
25.951
25.952
25.953
25.954
25.955000000000002
25.956
25.957
25.958000000000002
25.959
25.96
25.961000000000002
25.962
25.963
25.964000000000002
25.965
25.966
25.967000000000002
25.968
25.969
25.97
25.971
25.972
25.973
25.974
25.975
25.976
25.977
25.978
25.979
25.98
25.981
25.982
25.983
25.984
25.985
25.986
25.987000000000002
25.988
25.989
25.990000000000002
25.991
25.992
25.993000000000002
25.994
25.995
25.996000000000002
25.997
25.998
25.999
26.0
26.001
26.002
26.003
26.004
26.005
26.006
26.007
26.008
26.009
26.01
26.011
26.012
26.013
26.014
26.015
26.016000000000002
26.017
26.018
26.019000000000002
26.02
26.021
26.022000000000002
26.023
26.024
26.025000000000002
26.026
26.027
26.028000000000002
26.029
26.03
26.031
26.032
26.033
26.034
26.035
26.036
26.037
26.038
26.039
26.04
26.041
26.042
26.043
26.044
26.045
26.046
26.047
26.048000000000002
26.049
26.05
26.051000000000002
26.052
26.053
26.054000000000002
26.055
26.056
26.057000000000002
26.058
26.059
26.060000000000002
26.061
26.062
26.063
26.064
26.065
26.066
26.067
26.068
26.069
26.07
26.071
26.072
26.073
26.074
26.075
26.076
26.077
26.078
26.079
26.080000000000002
26.081
26.082
26.083000000000002
26.084
26.085
26.086000000000002
26.087
26.088
26.089000000000002
26.09
26.091
26.092000000000002
26.093
26.094
26.095
26.096
26.097
26.098
26.099
26.1
26.101
26.102
26.103
26.104
26.105
26.106
26.107
26.108
26.109
26.11
26.111
26.112000000000002
26.113
26.114
26.115000000000002
26.116
26.117
26.118000000000002
26.119
26.12
26.121000000000002
26.122
26.123
26.124
26.125
26.126
26.127
26.128
26.129
26.13
26.131
26.132
26.133
26.134
26.135
26.136
26.137
26.138
26.139
26.14
26.141000000000002
26.142
26.143
26.144000000000002
26.145
26.146
26.147000000000002
26.148
26.149
26.150000000000002
26.151
26.152
26.153000000000002
26.154
26.155
26.156
26.157
26.158
26.159
26.16
26.161
26.162
26.163
26.164
26.165
26.166
26.167
26.168
26.169
26.17
26.171
26.172
26.173000000000002
26.174
26.175
26.176000000000002
26.177
26.178
26.179000000000002
26.18
26.181
26.182000000000002
26.183
26.184
26.185000000000002
26.186
26.187
26.188
26.189
26.19
26.191
26.192
26.193
26.194
26.195
26.196
26.197
26.198
26.199
26.2
26.201
26.202
26.203
26.204
26.205000000000002
26.206
26.207
26.208000000000002
26.209
26.21
26.211000000000002
26.212
26.213
26.214000000000002
26.215
26.216
26.217000000000002
26.218
26.219
26.22
26.221
26.222
26.223
26.224
26.225
26.226
26.227
26.228
26.229
26.23
26.231
26.232
26.233
26.234
26.235
26.236
26.237000000000002
26.238
26.239
26.240000000000002
26.241
26.242
26.243000000000002
26.244
26.245
26.246000000000002
26.247
26.248
26.249
26.25
26.251
26.252
26.253
26.254
26.255
26.256
26.257
26.258
26.259
26.26
26.261
26.262
26.263
26.264
26.265
26.266000000000002
26.267
26.268
26.269000000000002
26.27
26.271
26.272000000000002
26.273
26.274
26.275000000000002
26.276
26.277
26.278000000000002
26.279
26.28
26.281
26.282
26.283
26.284
26.285
26.286
26.287
26.288
26.289
26.29
26.291
26.292
26.293
26.294
26.295
26.296
26.297
26.298000000000002
26.299
26.3
26.301000000000002
26.302
26.303
26.304000000000002
26.305
26.306
26.307000000000002
26.308
26.309
26.310000000000002
26.311
26.312
26.313
26.314
26.315
26.316
26.317
26.318
26.319
26.32
26.321
26.322
26.323
26.324
26.325
26.326
26.327
26.328
26.329
26.330000000000002
26.331
26.332
26.333000000000002
26.334
26.335
26.336000000000002
26.337
26.338
26.339000000000002
26.34
26.341
26.342000000000002
26.343
26.344
26.345
26.346
26.347
26.348
26.349
26.35
26.351
26.352
26.353
26.354
26.355
26.356
26.357
26.358
26.359
26.36
26.361
26.362000000000002
26.363
26.364
26.365000000000002
26.366
26.367
26.368000000000002
26.369
26.37
26.371000000000002
26.372
26.373
26.374
26.375
26.376
26.377
26.378
26.379
26.38
26.381
26.382
26.383
26.384
26.385
26.386
26.387
26.388
26.389
26.39
26.391000000000002
26.392
26.393
26.394000000000002
26.395
26.396
26.397000000000002
26.398
26.399
26.400000000000002
26.401
26.402
26.403000000000002
26.404
26.405
26.406
26.407
26.408
26.409
26.41
26.411
26.412
26.413
26.414
26.415
26.416
26.417
26.418
26.419
26.42
26.421
26.422
26.423000000000002
26.424
26.425
26.426000000000002
26.427
26.428
26.429000000000002
26.43
26.431
26.432000000000002
26.433
26.434
26.435000000000002
26.436
26.437
26.438
26.439
26.44
26.441
26.442
26.443
26.444
26.445
26.446
26.447
26.448
26.449
26.45
26.451
26.452
26.453
26.454
26.455000000000002
26.456
26.457
26.458000000000002
26.459
26.46
26.461000000000002
26.462
26.463
26.464000000000002
26.465
26.466
26.467000000000002
26.468
26.469
26.47
26.471
26.472
26.473
26.474
26.475
26.476
26.477
26.478
26.479
26.48
26.481
26.482
26.483
26.484
26.485
26.486
26.487000000000002
26.488
26.489
26.490000000000002
26.491
26.492
26.493000000000002
26.494
26.495
26.496000000000002
26.497
26.498
26.499
26.5
26.501
26.502
26.503
26.504
26.505
26.506
26.507
26.508
26.509
26.51
26.511
26.512
26.513
26.514
26.515
26.516000000000002
26.517
26.518
26.519000000000002
26.52
26.521
26.522000000000002
26.523
26.524
26.525000000000002
26.526
26.527
26.528000000000002
26.529
26.53
26.531
26.532
26.533
26.534
26.535
26.536
26.537
26.538
26.539
26.54
26.541
26.542
26.543
26.544
26.545
26.546
26.547
26.548000000000002
26.549
26.55
26.551000000000002
26.552
26.553
26.554000000000002
26.555
26.556
26.557000000000002
26.558
26.559
26.560000000000002
26.561
26.562
26.563
26.564
26.565
26.566
26.567
26.568
26.569
26.57
26.571
26.572
26.573
26.574
26.575
26.576
26.577
26.578
26.579
26.580000000000002
26.581
26.582
26.583000000000002
26.584
26.585
26.586000000000002
26.587
26.588
26.589000000000002
26.59
26.591
26.592000000000002
26.593
26.594
26.595
26.596
26.597
26.598
26.599
26.6
26.601
26.602
26.603
26.604
26.605
26.606
26.607
26.608
26.609
26.61
26.611
26.612000000000002
26.613
26.614
26.615000000000002
26.616
26.617
26.618000000000002
26.619
26.62
26.621000000000002
26.622
26.623
26.624000000000002
26.625
26.626
26.627
26.628
26.629
26.63
26.631
26.632
26.633
26.634
26.635
26.636
26.637
26.638
26.639
26.64
26.641000000000002
26.642
26.643
26.644000000000002
26.645
26.646
26.647000000000002
26.648
26.649
26.650000000000002
26.651
26.652
26.653000000000002
26.654
26.655
26.656
26.657
26.658
26.659
26.66
26.661
26.662
26.663
26.664
26.665
26.666
26.667
26.668
26.669
26.67
26.671
26.672
26.673000000000002
26.674
26.675
26.676000000000002
26.677
26.678
26.679000000000002
26.68
26.681
26.682000000000002
26.683
26.684
26.685000000000002
26.686
26.687
26.688
26.689
26.69
26.691
26.692
26.693
26.694
26.695
26.696
26.697
26.698
26.699
26.7
26.701
26.702
26.703
26.704
26.705000000000002
26.706
26.707
26.708000000000002
26.709
26.71
26.711000000000002
26.712
26.713
26.714000000000002
26.715
26.716
26.717000000000002
26.718
26.719
26.72
26.721
26.722
26.723
26.724
26.725
26.726
26.727
26.728
26.729
26.73
26.731
26.732
26.733
26.734
26.735
26.736
26.737000000000002
26.738
26.739
26.740000000000002
26.741
26.742
26.743000000000002
26.744
26.745
26.746000000000002
26.747
26.748
26.749000000000002
26.75
26.751
26.752
26.753
26.754
26.755
26.756
26.757
26.758
26.759
26.76
26.761
26.762
26.763
26.764
26.765
26.766000000000002
26.767
26.768
26.769000000000002
26.77
26.771
26.772000000000002
26.773
26.774
26.775000000000002
26.776
26.777
26.778000000000002
26.779
26.78
26.781
26.782
26.783
26.784
26.785
26.786
26.787
26.788
26.789
26.79
26.791
26.792
26.793
26.794
26.795
26.796
26.797
26.798000000000002
26.799
26.8
26.801000000000002
26.802
26.803
26.804000000000002
26.805
26.806
26.807000000000002
26.808
26.809
26.810000000000002
26.811
26.812
26.813
26.814
26.815
26.816
26.817
26.818
26.819
26.82
26.821
26.822
26.823
26.824
26.825
26.826
26.827
26.828
26.829
26.830000000000002
26.831
26.832
26.833000000000002
26.834
26.835
26.836000000000002
26.837
26.838
26.839000000000002
26.84
26.841
26.842000000000002
26.843
26.844
26.845
26.846
26.847
26.848
26.849
26.85
26.851
26.852
26.853
26.854
26.855
26.856
26.857
26.858
26.859
26.86
26.861
26.862000000000002
26.863
26.864
26.865000000000002
26.866
26.867
26.868000000000002
26.869
26.87
26.871000000000002
26.872
26.873
26.874000000000002
26.875
26.876
26.877
26.878
26.879
26.88
26.881
26.882
26.883
26.884
26.885
26.886
26.887
26.888
26.889
26.89
26.891000000000002
26.892
26.893
26.894000000000002
26.895
26.896
26.897000000000002
26.898
26.899
26.900000000000002
26.901
26.902
26.903000000000002
26.904
26.905
26.906
26.907
26.908
26.909
26.91
26.911
26.912
26.913
26.914
26.915
26.916
26.917
26.918
26.919
26.92
26.921
26.922
26.923000000000002
26.924
26.925
26.926000000000002
26.927
26.928
26.929000000000002
26.93
26.931
26.932000000000002
26.933
26.934
26.935000000000002
26.936
26.937
26.938
26.939
26.94
26.941
26.942
26.943
26.944
26.945
26.946
26.947
26.948
26.949
26.95
26.951
26.952
26.953
26.954
26.955000000000002
26.956
26.957
26.958000000000002
26.959
26.96
26.961000000000002
26.962
26.963
26.964000000000002
26.965
26.966
26.967000000000002
26.968
26.969
26.97
26.971
26.972
26.973
26.974
26.975
26.976
26.977
26.978
26.979
26.98
26.981
26.982
26.983
26.984
26.985
26.986
26.987000000000002
26.988
26.989
26.990000000000002
26.991
26.992
26.993000000000002
26.994
26.995
26.996000000000002
26.997
26.998
26.999000000000002
27.0
27.001
27.002
27.003
27.004
27.005
27.006
27.007
27.008
27.009
27.01
27.011
27.012
27.013
27.014
27.015
27.016000000000002
27.017
27.018
27.019000000000002
27.02
27.021
27.022000000000002
27.023
27.024
27.025000000000002
27.026
27.027
27.028000000000002
27.029
27.03
27.031
27.032
27.033
27.034
27.035
27.036
27.037
27.038
27.039
27.04
27.041
27.042
27.043
27.044
27.045
27.046
27.047
27.048000000000002
27.049
27.05
27.051000000000002
27.052
27.053
27.054000000000002
27.055
27.056
27.057000000000002
27.058
27.059
27.060000000000002
27.061
27.062
27.063
27.064
27.065
27.066
27.067
27.068
27.069
27.07
27.071
27.072
27.073
27.074
27.075
27.076
27.077
27.078
27.079
27.080000000000002
27.081
27.082
27.083000000000002
27.084
27.085
27.086000000000002
27.087
27.088
27.089000000000002
27.09
27.091
27.092000000000002
27.093
27.094
27.095
27.096
27.097
27.098
27.099
27.1
27.101
27.102
27.103
27.104
27.105
27.106
27.107
27.108
27.109
27.11
27.111
27.112000000000002
27.113
27.114
27.115000000000002
27.116
27.117
27.118000000000002
27.119
27.12
27.121000000000002
27.122
27.123
27.124000000000002
27.125
27.126
27.127
27.128
27.129
27.13
27.131
27.132
27.133
27.134
27.135
27.136
27.137
27.138
27.139
27.14
27.141000000000002
27.142
27.143
27.144000000000002
27.145
27.146
27.147000000000002
27.148
27.149
27.150000000000002
27.151
27.152
27.153000000000002
27.154
27.155
27.156
27.157
27.158
27.159
27.16
27.161
27.162
27.163
27.164
27.165
27.166
27.167
27.168
27.169
27.17
27.171
27.172
27.173000000000002
27.174
27.175
27.176000000000002
27.177
27.178
27.179000000000002
27.18
27.181
27.182000000000002
27.183
27.184
27.185000000000002
27.186
27.187
27.188
27.189
27.19
27.191
27.192
27.193
27.194
27.195
27.196
27.197
27.198
27.199
27.2
27.201
27.202
27.203
27.204
27.205000000000002
27.206
27.207
27.208000000000002
27.209
27.21
27.211000000000002
27.212
27.213
27.214000000000002
27.215
27.216
27.217000000000002
27.218
27.219
27.22
27.221
27.222
27.223
27.224
27.225
27.226
27.227
27.228
27.229
27.23
27.231
27.232
27.233
27.234
27.235
27.236
27.237000000000002
27.238
27.239
27.240000000000002
27.241
27.242
27.243000000000002
27.244
27.245
27.246000000000002
27.247
27.248
27.249000000000002
27.25
27.251
27.252
27.253
27.254
27.255
27.256
27.257
27.258
27.259
27.26
27.261
27.262
27.263
27.264
27.265
27.266000000000002
27.267
27.268
27.269000000000002
27.27
27.271
27.272000000000002
27.273
27.274
27.275000000000002
27.276
27.277
27.278000000000002
27.279
27.28
27.281
27.282
27.283
27.284
27.285
27.286
27.287
27.288
27.289
27.29
27.291
27.292
27.293
27.294
27.295
27.296
27.297
27.298000000000002
27.299
27.3
27.301000000000002
27.302
27.303
27.304000000000002
27.305
27.306
27.307000000000002
27.308
27.309
27.310000000000002
27.311
27.312
27.313
27.314
27.315
27.316
27.317
27.318
27.319
27.32
27.321
27.322
27.323
27.324
27.325
27.326
27.327
27.328
27.329
27.330000000000002
27.331
27.332
27.333000000000002
27.334
27.335
27.336000000000002
27.337
27.338
27.339000000000002
27.34
27.341
27.342000000000002
27.343
27.344
27.345
27.346
27.347
27.348
27.349
27.35
27.351
27.352
27.353
27.354
27.355
27.356
27.357
27.358
27.359
27.36
27.361
27.362000000000002
27.363
27.364
27.365000000000002
27.366
27.367
27.368000000000002
27.369
27.37
27.371000000000002
27.372
27.373
27.374000000000002
27.375
27.376
27.377
27.378
27.379
27.38
27.381
27.382
27.383
27.384
27.385
27.386
27.387
27.388
27.389
27.39
27.391000000000002
27.392
27.393
27.394000000000002
27.395
27.396
27.397000000000002
27.398
27.399
27.400000000000002
27.401
27.402
27.403000000000002
27.404
27.405
27.406
27.407
27.408
27.409
27.41
27.411
27.412
27.413
27.414
27.415
27.416
27.417
27.418
27.419
27.42
27.421
27.422
27.423000000000002
27.424
27.425
27.426000000000002
27.427
27.428
27.429000000000002
27.43
27.431
27.432000000000002
27.433
27.434
27.435000000000002
27.436
27.437
27.438
27.439
27.44
27.441
27.442
27.443
27.444
27.445
27.446
27.447
27.448
27.449
27.45
27.451
27.452
27.453
27.454
27.455000000000002
27.456
27.457
27.458000000000002
27.459
27.46
27.461000000000002
27.462
27.463
27.464000000000002
27.465
27.466
27.467000000000002
27.468
27.469
27.47
27.471
27.472
27.473
27.474
27.475
27.476
27.477
27.478
27.479
27.48
27.481
27.482
27.483
27.484
27.485
27.486
27.487000000000002
27.488
27.489
27.490000000000002
27.491
27.492
27.493000000000002
27.494
27.495
27.496000000000002
27.497
27.498
27.499000000000002
27.5
27.501
27.502
27.503
27.504
27.505
27.506
27.507
27.508
27.509
27.51
27.511
27.512
27.513
27.514
27.515
27.516000000000002
27.517
27.518
27.519000000000002
27.52
27.521
27.522000000000002
27.523
27.524
27.525000000000002
27.526
27.527
27.528000000000002
27.529
27.53
27.531
27.532
27.533
27.534
27.535
27.536
27.537
27.538
27.539
27.54
27.541
27.542
27.543
27.544
27.545
27.546
27.547
27.548000000000002
27.549
27.55
27.551000000000002
27.552
27.553
27.554000000000002
27.555
27.556
27.557000000000002
27.558
27.559
27.560000000000002
27.561
27.562
27.563
27.564
27.565
27.566
27.567
27.568
27.569
27.57
27.571
27.572
27.573
27.574
27.575
27.576
27.577
27.578
27.579
27.580000000000002
27.581
27.582
27.583000000000002
27.584
27.585
27.586000000000002
27.587
27.588
27.589000000000002
27.59
27.591
27.592000000000002
27.593
27.594
27.595
27.596
27.597
27.598
27.599
27.6
27.601
27.602
27.603
27.604
27.605
27.606
27.607
27.608
27.609
27.61
27.611
27.612000000000002
27.613
27.614
27.615000000000002
27.616
27.617
27.618000000000002
27.619
27.62
27.621000000000002
27.622
27.623
27.624000000000002
27.625
27.626
27.627
27.628
27.629
27.63
27.631
27.632
27.633
27.634
27.635
27.636
27.637
27.638
27.639
27.64
27.641000000000002
27.642
27.643
27.644000000000002
27.645
27.646
27.647000000000002
27.648
27.649
27.650000000000002
27.651
27.652
27.653000000000002
27.654
27.655
27.656
27.657
27.658
27.659
27.66
27.661
27.662
27.663
27.664
27.665
27.666
27.667
27.668
27.669
27.67
27.671
27.672
27.673000000000002
27.674
27.675
27.676000000000002
27.677
27.678
27.679000000000002
27.68
27.681
27.682000000000002
27.683
27.684
27.685000000000002
27.686
27.687
27.688
27.689
27.69
27.691
27.692
27.693
27.694
27.695
27.696
27.697
27.698
27.699
27.7
27.701
27.702
27.703
27.704
27.705000000000002
27.706
27.707
27.708000000000002
27.709
27.71
27.711000000000002
27.712
27.713
27.714000000000002
27.715
27.716
27.717000000000002
27.718
27.719
27.72
27.721
27.722
27.723
27.724
27.725
27.726
27.727
27.728
27.729
27.73
27.731
27.732
27.733
27.734
27.735
27.736
27.737000000000002
27.738
27.739
27.740000000000002
27.741
27.742
27.743000000000002
27.744
27.745
27.746000000000002
27.747
27.748
27.749000000000002
27.75
27.751
27.752
27.753
27.754
27.755
27.756
27.757
27.758
27.759
27.76
27.761
27.762
27.763
27.764
27.765
27.766000000000002
27.767
27.768
27.769000000000002
27.77
27.771
27.772000000000002
27.773
27.774
27.775000000000002
27.776
27.777
27.778000000000002
27.779
27.78
27.781
27.782
27.783
27.784
27.785
27.786
27.787
27.788
27.789
27.79
27.791
27.792
27.793
27.794
27.795
27.796
27.797
27.798000000000002
27.799
27.8
27.801000000000002
27.802
27.803
27.804000000000002
27.805
27.806
27.807000000000002
27.808
27.809
27.810000000000002
27.811
27.812
27.813
27.814
27.815
27.816
27.817
27.818
27.819
27.82
27.821
27.822
27.823
27.824
27.825
27.826
27.827
27.828
27.829
27.830000000000002
27.831
27.832
27.833000000000002
27.834
27.835
27.836000000000002
27.837
27.838
27.839000000000002
27.84
27.841
27.842000000000002
27.843
27.844
27.845
27.846
27.847
27.848
27.849
27.85
27.851
27.852
27.853
27.854
27.855
27.856
27.857
27.858
27.859
27.86
27.861
27.862000000000002
27.863
27.864
27.865000000000002
27.866
27.867
27.868000000000002
27.869
27.87
27.871000000000002
27.872
27.873
27.874000000000002
27.875
27.876
27.877
27.878
27.879
27.88
27.881
27.882
27.883
27.884
27.885
27.886
27.887
27.888
27.889
27.89
27.891000000000002
27.892
27.893
27.894000000000002
27.895
27.896
27.897000000000002
27.898
27.899
27.900000000000002
27.901
27.902
27.903000000000002
27.904
27.905
27.906
27.907
27.908
27.909
27.91
27.911
27.912
27.913
27.914
27.915
27.916
27.917
27.918
27.919
27.92
27.921
27.922
27.923000000000002
27.924
27.925
27.926000000000002
27.927
27.928
27.929000000000002
27.93
27.931
27.932000000000002
27.933
27.934
27.935000000000002
27.936
27.937
27.938
27.939
27.94
27.941
27.942
27.943
27.944
27.945
27.946
27.947
27.948
27.949
27.95
27.951
27.952
27.953
27.954
27.955000000000002
27.956
27.957
27.958000000000002
27.959
27.96
27.961000000000002
27.962
27.963
27.964000000000002
27.965
27.966
27.967000000000002
27.968
27.969
27.97
27.971
27.972
27.973
27.974
27.975
27.976
27.977
27.978
27.979
27.98
27.981
27.982
27.983
27.984
27.985
27.986
27.987000000000002
27.988
27.989
27.990000000000002
27.991
27.992
27.993000000000002
27.994
27.995
27.996000000000002
27.997
27.998
27.999000000000002
28.0
28.001
28.002
28.003
28.004
28.005
28.006
28.007
28.008
28.009
28.01
28.011
28.012
28.013
28.014
28.015
28.016000000000002
28.017
28.018
28.019000000000002
28.02
28.021
28.022000000000002
28.023
28.024
28.025000000000002
28.026
28.027
28.028000000000002
28.029
28.03
28.031000000000002
28.032
28.033
28.034
28.035
28.036
28.037
28.038
28.039
28.04
28.041
28.042
28.043
28.044
28.045
28.046
28.047
28.048000000000002
28.049
28.05
28.051000000000002
28.052
28.053
28.054000000000002
28.055
28.056
28.057000000000002
28.058
28.059
28.060000000000002
28.061
28.062
28.063
28.064
28.065
28.066
28.067
28.068
28.069
28.07
28.071
28.072
28.073
28.074
28.075
28.076
28.077
28.078
28.079
28.080000000000002
28.081
28.082
28.083000000000002
28.084
28.085
28.086000000000002
28.087
28.088
28.089000000000002
28.09
28.091
28.092000000000002
28.093
28.094
28.095
28.096
28.097
28.098
28.099
28.1
28.101
28.102
28.103
28.104
28.105
28.106
28.107
28.108
28.109
28.11
28.111
28.112000000000002
28.113
28.114
28.115000000000002
28.116
28.117
28.118000000000002
28.119
28.12
28.121000000000002
28.122
28.123
28.124000000000002
28.125
28.126
28.127
28.128
28.129
28.13
28.131
28.132
28.133
28.134
28.135
28.136
28.137
28.138
28.139
28.14
28.141000000000002
28.142
28.143
28.144000000000002
28.145
28.146
28.147000000000002
28.148
28.149
28.150000000000002
28.151
28.152
28.153000000000002
28.154
28.155
28.156000000000002
28.157
28.158
28.159
28.16
28.161
28.162
28.163
28.164
28.165
28.166
28.167
28.168
28.169
28.17
28.171
28.172
28.173000000000002
28.174
28.175
28.176000000000002
28.177
28.178
28.179000000000002
28.18
28.181
28.182000000000002
28.183
28.184
28.185000000000002
28.186
28.187
28.188
28.189
28.19
28.191
28.192
28.193
28.194
28.195
28.196
28.197
28.198
28.199
28.2
28.201
28.202
28.203
28.204
28.205000000000002
28.206
28.207
28.208000000000002
28.209
28.21
28.211000000000002
28.212
28.213
28.214000000000002
28.215
28.216
28.217000000000002
28.218
28.219
28.22
28.221
28.222
28.223
28.224
28.225
28.226
28.227
28.228
28.229
28.23
28.231
28.232
28.233
28.234
28.235
28.236
28.237000000000002
28.238
28.239
28.240000000000002
28.241
28.242
28.243000000000002
28.244
28.245
28.246000000000002
28.247
28.248
28.249000000000002
28.25
28.251
28.252
28.253
28.254
28.255
28.256
28.257
28.258
28.259
28.26
28.261
28.262
28.263
28.264
28.265
28.266000000000002
28.267
28.268
28.269000000000002
28.27
28.271
28.272000000000002
28.273
28.274
28.275000000000002
28.276
28.277
28.278000000000002
28.279
28.28
28.281000000000002
28.282
28.283
28.284
28.285
28.286
28.287
28.288
28.289
28.29
28.291
28.292
28.293
28.294
28.295
28.296
28.297
28.298000000000002
28.299
28.3
28.301000000000002
28.302
28.303
28.304000000000002
28.305
28.306
28.307000000000002
28.308
28.309
28.310000000000002
28.311
28.312
28.313
28.314
28.315
28.316
28.317
28.318
28.319
28.32
28.321
28.322
28.323
28.324
28.325
28.326
28.327
28.328
28.329
28.330000000000002
28.331
28.332
28.333000000000002
28.334
28.335
28.336000000000002
28.337
28.338
28.339000000000002
28.34
28.341
28.342000000000002
28.343
28.344
28.345
28.346
28.347
28.348
28.349
28.35
28.351
28.352
28.353
28.354
28.355
28.356
28.357
28.358
28.359
28.36
28.361
28.362000000000002
28.363
28.364
28.365000000000002
28.366
28.367
28.368000000000002
28.369
28.37
28.371000000000002
28.372
28.373
28.374000000000002
28.375
28.376
28.377
28.378
28.379
28.38
28.381
28.382
28.383
28.384
28.385
28.386
28.387
28.388
28.389
28.39
28.391000000000002
28.392
28.393
28.394000000000002
28.395
28.396
28.397000000000002
28.398
28.399
28.400000000000002
28.401
28.402
28.403000000000002
28.404
28.405
28.406000000000002
28.407
28.408
28.409
28.41
28.411
28.412
28.413
28.414
28.415
28.416
28.417
28.418
28.419
28.42
28.421
28.422
28.423000000000002
28.424
28.425
28.426000000000002
28.427
28.428
28.429000000000002
28.43
28.431
28.432000000000002
28.433
28.434
28.435000000000002
28.436
28.437
28.438
28.439
28.44
28.441
28.442
28.443
28.444
28.445
28.446
28.447
28.448
28.449
28.45
28.451
28.452
28.453
28.454
28.455000000000002
28.456
28.457
28.458000000000002
28.459
28.46
28.461000000000002
28.462
28.463
28.464000000000002
28.465
28.466
28.467000000000002
28.468
28.469
28.47
28.471
28.472
28.473
28.474
28.475
28.476
28.477
28.478
28.479
28.48
28.481
28.482
28.483
28.484
28.485
28.486
28.487000000000002
28.488
28.489
28.490000000000002
28.491
28.492
28.493000000000002
28.494
28.495
28.496000000000002
28.497
28.498
28.499000000000002
28.5
28.501
28.502
28.503
28.504
28.505
28.506
28.507
28.508
28.509
28.51
28.511
28.512
28.513
28.514
28.515
28.516000000000002
28.517
28.518
28.519000000000002
28.52
28.521
28.522000000000002
28.523
28.524
28.525000000000002
28.526
28.527
28.528000000000002
28.529
28.53
28.531000000000002
28.532
28.533
28.534
28.535
28.536
28.537
28.538
28.539
28.54
28.541
28.542
28.543
28.544
28.545
28.546
28.547
28.548000000000002
28.549
28.55
28.551000000000002
28.552
28.553
28.554000000000002
28.555
28.556
28.557000000000002
28.558
28.559
28.560000000000002
28.561
28.562
28.563
28.564
28.565
28.566
28.567
28.568
28.569
28.57
28.571
28.572
28.573
28.574
28.575
28.576
28.577
28.578
28.579
28.580000000000002
28.581
28.582
28.583000000000002
28.584
28.585
28.586000000000002
28.587
28.588
28.589000000000002
28.59
28.591
28.592000000000002
28.593
28.594
28.595
28.596
28.597
28.598
28.599
28.6
28.601
28.602
28.603
28.604
28.605
28.606
28.607
28.608
28.609
28.61
28.611
28.612000000000002
28.613
28.614
28.615000000000002
28.616
28.617
28.618000000000002
28.619
28.62
28.621000000000002
28.622
28.623
28.624000000000002
28.625
28.626
28.627
28.628
28.629
28.63
28.631
28.632
28.633
28.634
28.635
28.636
28.637
28.638
28.639
28.64
28.641000000000002
28.642
28.643
28.644000000000002
28.645
28.646
28.647000000000002
28.648
28.649
28.650000000000002
28.651
28.652
28.653000000000002
28.654
28.655
28.656000000000002
28.657
28.658
28.659
28.66
28.661
28.662
28.663
28.664
28.665
28.666
28.667
28.668
28.669
28.67
28.671
28.672
28.673000000000002
28.674
28.675
28.676000000000002
28.677
28.678
28.679000000000002
28.68
28.681
28.682000000000002
28.683
28.684
28.685000000000002
28.686
28.687
28.688
28.689
28.69
28.691
28.692
28.693
28.694
28.695
28.696
28.697
28.698
28.699
28.7
28.701
28.702
28.703
28.704
28.705000000000002
28.706
28.707
28.708000000000002
28.709
28.71
28.711000000000002
28.712
28.713
28.714000000000002
28.715
28.716
28.717000000000002
28.718
28.719
28.72
28.721
28.722
28.723
28.724
28.725
28.726
28.727
28.728
28.729
28.73
28.731
28.732
28.733
28.734
28.735
28.736
28.737000000000002
28.738
28.739
28.740000000000002
28.741
28.742
28.743000000000002
28.744
28.745
28.746000000000002
28.747
28.748
28.749000000000002
28.75
28.751
28.752
28.753
28.754
28.755
28.756
28.757
28.758
28.759
28.76
28.761
28.762
28.763
28.764
28.765
28.766000000000002
28.767
28.768
28.769000000000002
28.77
28.771
28.772000000000002
28.773
28.774
28.775000000000002
28.776
28.777
28.778000000000002
28.779
28.78
28.781000000000002
28.782
28.783
28.784
28.785
28.786
28.787
28.788
28.789
28.79
28.791
28.792
28.793
28.794
28.795
28.796
28.797
28.798000000000002
28.799
28.8
28.801000000000002
28.802
28.803
28.804000000000002
28.805
28.806
28.807000000000002
28.808
28.809
28.810000000000002
28.811
28.812
28.813
28.814
28.815
28.816
28.817
28.818
28.819
28.82
28.821
28.822
28.823
28.824
28.825
28.826
28.827
28.828
28.829
28.830000000000002
28.831
28.832
28.833000000000002
28.834
28.835
28.836000000000002
28.837
28.838
28.839000000000002
28.84
28.841
28.842000000000002
28.843
28.844
28.845
28.846
28.847
28.848
28.849
28.85
28.851
28.852
28.853
28.854
28.855
28.856
28.857
28.858
28.859
28.86
28.861
28.862000000000002
28.863
28.864
28.865000000000002
28.866
28.867
28.868000000000002
28.869
28.87
28.871000000000002
28.872
28.873
28.874000000000002
28.875
28.876
28.877
28.878
28.879
28.88
28.881
28.882
28.883
28.884
28.885
28.886
28.887
28.888
28.889
28.89
28.891000000000002
28.892
28.893
28.894000000000002
28.895
28.896
28.897000000000002
28.898
28.899
28.900000000000002
28.901
28.902
28.903000000000002
28.904
28.905
28.906000000000002
28.907
28.908
28.909
28.91
28.911
28.912
28.913
28.914
28.915
28.916
28.917
28.918
28.919
28.92
28.921
28.922
28.923000000000002
28.924
28.925
28.926000000000002
28.927
28.928
28.929000000000002
28.93
28.931
28.932000000000002
28.933
28.934
28.935000000000002
28.936
28.937
28.938
28.939
28.94
28.941
28.942
28.943
28.944
28.945
28.946
28.947
28.948
28.949
28.95
28.951
28.952
28.953
28.954
28.955000000000002
28.956
28.957
28.958000000000002
28.959
28.96
28.961000000000002
28.962
28.963
28.964000000000002
28.965
28.966
28.967000000000002
28.968
28.969
28.97
28.971
28.972
28.973
28.974
28.975
28.976
28.977
28.978
28.979
28.98
28.981
28.982
28.983
28.984
28.985
28.986
28.987000000000002
28.988
28.989
28.990000000000002
28.991
28.992
28.993000000000002
28.994
28.995
28.996000000000002
28.997
28.998
28.999000000000002
29.0
29.001
29.002
29.003
29.004
29.005
29.006
29.007
29.008
29.009
29.01
29.011
29.012
29.013
29.014
29.015
29.016000000000002
29.017
29.018
29.019000000000002
29.02
29.021
29.022000000000002
29.023
29.024
29.025000000000002
29.026
29.027
29.028000000000002
29.029
29.03
29.031000000000002
29.032
29.033
29.034
29.035
29.036
29.037
29.038
29.039
29.04
29.041
29.042
29.043
29.044
29.045
29.046
29.047
29.048000000000002
29.049
29.05
29.051000000000002
29.052
29.053
29.054000000000002
29.055
29.056
29.057000000000002
29.058
29.059
29.060000000000002
29.061
29.062
29.063
29.064
29.065
29.066
29.067
29.068
29.069
29.07
29.071
29.072
29.073
29.074
29.075
29.076
29.077
29.078
29.079
29.080000000000002
29.081
29.082
29.083000000000002
29.084
29.085
29.086000000000002
29.087
29.088
29.089000000000002
29.09
29.091
29.092000000000002
29.093
29.094
29.095
29.096
29.097
29.098
29.099
29.1
29.101
29.102
29.103
29.104
29.105
29.106
29.107
29.108
29.109
29.11
29.111
29.112000000000002
29.113
29.114
29.115000000000002
29.116
29.117
29.118000000000002
29.119
29.12
29.121000000000002
29.122
29.123
29.124000000000002
29.125
29.126
29.127
29.128
29.129
29.13
29.131
29.132
29.133
29.134
29.135
29.136
29.137
29.138
29.139
29.14
29.141000000000002
29.142
29.143
29.144000000000002
29.145
29.146
29.147000000000002
29.148
29.149
29.150000000000002
29.151
29.152
29.153000000000002
29.154
29.155
29.156000000000002
29.157
29.158
29.159
29.16
29.161
29.162
29.163
29.164
29.165
29.166
29.167
29.168
29.169
29.17
29.171
29.172
29.173000000000002
29.174
29.175
29.176000000000002
29.177
29.178
29.179000000000002
29.18
29.181
29.182000000000002
29.183
29.184
29.185000000000002
29.186
29.187
29.188
29.189
29.19
29.191
29.192
29.193
29.194
29.195
29.196
29.197
29.198
29.199
29.2
29.201
29.202
29.203
29.204
29.205000000000002
29.206
29.207
29.208000000000002
29.209
29.21
29.211000000000002
29.212
29.213
29.214000000000002
29.215
29.216
29.217000000000002
29.218
29.219
29.22
29.221
29.222
29.223
29.224
29.225
29.226
29.227
29.228
29.229
29.23
29.231
29.232
29.233
29.234
29.235
29.236
29.237000000000002
29.238
29.239
29.240000000000002
29.241
29.242
29.243000000000002
29.244
29.245
29.246000000000002
29.247
29.248
29.249000000000002
29.25
29.251
29.252
29.253
29.254
29.255
29.256
29.257
29.258
29.259
29.26
29.261
29.262
29.263
29.264
29.265
29.266000000000002
29.267
29.268
29.269000000000002
29.27
29.271
29.272000000000002
29.273
29.274
29.275000000000002
29.276
29.277
29.278000000000002
29.279
29.28
29.281000000000002
29.282
29.283
29.284
29.285
29.286
29.287
29.288
29.289
29.29
29.291
29.292
29.293
29.294
29.295
29.296
29.297
29.298000000000002
29.299
29.3
29.301000000000002
29.302
29.303
29.304000000000002
29.305
29.306
29.307000000000002
29.308
29.309
29.310000000000002
29.311
29.312
29.313
29.314
29.315
29.316
29.317
29.318
29.319
29.32
29.321
29.322
29.323
29.324
29.325
29.326
29.327
29.328
29.329
29.330000000000002
29.331
29.332
29.333000000000002
29.334
29.335
29.336000000000002
29.337
29.338
29.339000000000002
29.34
29.341
29.342000000000002
29.343
29.344
29.345
29.346
29.347
29.348
29.349
29.35
29.351
29.352
29.353
29.354
29.355
29.356
29.357
29.358
29.359
29.36
29.361
29.362000000000002
29.363
29.364
29.365000000000002
29.366
29.367
29.368000000000002
29.369
29.37
29.371000000000002
29.372
29.373
29.374000000000002
29.375
29.376
29.377
29.378
29.379
29.38
29.381
29.382
29.383
29.384
29.385
29.386
29.387
29.388
29.389
29.39
29.391000000000002
29.392
29.393
29.394000000000002
29.395
29.396
29.397000000000002
29.398
29.399
29.400000000000002
29.401
29.402
29.403000000000002
29.404
29.405
29.406000000000002
29.407
29.408
29.409
29.41
29.411
29.412
29.413
29.414
29.415
29.416
29.417
29.418
29.419
29.42
29.421
29.422
29.423000000000002
29.424
29.425
29.426000000000002
29.427
29.428
29.429000000000002
29.43
29.431
29.432000000000002
29.433
29.434
29.435000000000002
29.436
29.437
29.438000000000002
29.439
29.44
29.441
29.442
29.443
29.444
29.445
29.446
29.447
29.448
29.449
29.45
29.451
29.452
29.453
29.454
29.455000000000002
29.456
29.457
29.458000000000002
29.459
29.46
29.461000000000002
29.462
29.463
29.464000000000002
29.465
29.466
29.467000000000002
29.468
29.469
29.47
29.471
29.472
29.473
29.474
29.475
29.476
29.477
29.478
29.479
29.48
29.481
29.482
29.483
29.484
29.485
29.486
29.487000000000002
29.488
29.489
29.490000000000002
29.491
29.492
29.493000000000002
29.494
29.495
29.496000000000002
29.497
29.498
29.499000000000002
29.5
29.501
29.502
29.503
29.504
29.505
29.506
29.507
29.508
29.509
29.51
29.511
29.512
29.513
29.514
29.515
29.516000000000002
29.517
29.518
29.519000000000002
29.52
29.521
29.522000000000002
29.523
29.524
29.525000000000002
29.526
29.527
29.528000000000002
29.529
29.53
29.531000000000002
29.532
29.533
29.534
29.535
29.536
29.537
29.538
29.539
29.54
29.541
29.542
29.543
29.544
29.545
29.546
29.547
29.548000000000002
29.549
29.55
29.551000000000002
29.552
29.553
29.554000000000002
29.555
29.556
29.557000000000002
29.558
29.559
29.560000000000002
29.561
29.562
29.563000000000002
29.564
29.565
29.566
29.567
29.568
29.569
29.57
29.571
29.572
29.573
29.574
29.575
29.576
29.577
29.578
29.579
29.580000000000002
29.581
29.582
29.583000000000002
29.584
29.585
29.586000000000002
29.587
29.588
29.589000000000002
29.59
29.591
29.592000000000002
29.593
29.594
29.595
29.596
29.597
29.598
29.599
29.6
29.601
29.602
29.603
29.604
29.605
29.606
29.607
29.608
29.609
29.61
29.611
29.612000000000002
29.613
29.614
29.615000000000002
29.616
29.617
29.618000000000002
29.619
29.62
29.621000000000002
29.622
29.623
29.624000000000002
29.625
29.626
29.627
29.628
29.629
29.63
29.631
29.632
29.633
29.634
29.635
29.636
29.637
29.638
29.639
29.64
29.641000000000002
29.642
29.643
29.644000000000002
29.645
29.646
29.647000000000002
29.648
29.649
29.650000000000002
29.651
29.652
29.653000000000002
29.654
29.655
29.656000000000002
29.657
29.658
29.659
29.66
29.661
29.662
29.663
29.664
29.665
29.666
29.667
29.668
29.669
29.67
29.671
29.672
29.673000000000002
29.674
29.675
29.676000000000002
29.677
29.678
29.679000000000002
29.68
29.681
29.682000000000002
29.683
29.684
29.685000000000002
29.686
29.687
29.688000000000002
29.689
29.69
29.691
29.692
29.693
29.694
29.695
29.696
29.697
29.698
29.699
29.7
29.701
29.702
29.703
29.704
29.705000000000002
29.706
29.707
29.708000000000002
29.709
29.71
29.711000000000002
29.712
29.713
29.714000000000002
29.715
29.716
29.717000000000002
29.718
29.719
29.72
29.721
29.722
29.723
29.724
29.725
29.726
29.727
29.728
29.729
29.73
29.731
29.732
29.733
29.734
29.735
29.736
29.737000000000002
29.738
29.739
29.740000000000002
29.741
29.742
29.743000000000002
29.744
29.745
29.746000000000002
29.747
29.748
29.749000000000002
29.75
29.751
29.752
29.753
29.754
29.755
29.756
29.757
29.758
29.759
29.76
29.761
29.762
29.763
29.764
29.765
29.766000000000002
29.767
29.768
29.769000000000002
29.77
29.771
29.772000000000002
29.773
29.774
29.775000000000002
29.776
29.777
29.778000000000002
29.779
29.78
29.781000000000002
29.782
29.783
29.784
29.785
29.786
29.787
29.788
29.789
29.79
29.791
29.792
29.793
29.794
29.795
29.796
29.797
29.798000000000002
29.799
29.8
29.801000000000002
29.802
29.803
29.804000000000002
29.805
29.806
29.807000000000002
29.808
29.809
29.810000000000002
29.811
29.812
29.813000000000002
29.814
29.815
29.816
29.817
29.818
29.819
29.82
29.821
29.822
29.823
29.824
29.825
29.826
29.827
29.828
29.829
29.830000000000002
29.831
29.832
29.833000000000002
29.834
29.835
29.836000000000002
29.837
29.838
29.839000000000002
29.84
29.841
29.842000000000002
29.843
29.844
29.845
29.846
29.847
29.848
29.849
29.85
29.851
29.852
29.853
29.854
29.855
29.856
29.857
29.858
29.859
29.86
29.861
29.862000000000002
29.863
29.864
29.865000000000002
29.866
29.867
29.868000000000002
29.869
29.87
29.871000000000002
29.872
29.873
29.874000000000002
29.875
29.876
29.877
29.878
29.879
29.88
29.881
29.882
29.883
29.884
29.885
29.886
29.887
29.888
29.889
29.89
29.891000000000002
29.892
29.893
29.894000000000002
29.895
29.896
29.897000000000002
29.898
29.899
29.900000000000002
29.901
29.902
29.903000000000002
29.904
29.905
29.906000000000002
29.907
29.908
29.909
29.91
29.911
29.912
29.913
29.914
29.915
29.916
29.917
29.918
29.919
29.92
29.921
29.922
29.923000000000002
29.924
29.925
29.926000000000002
29.927
29.928
29.929000000000002
29.93
29.931
29.932000000000002
29.933
29.934
29.935000000000002
29.936
29.937
29.938000000000002
29.939
29.94
29.941
29.942
29.943
29.944
29.945
29.946
29.947
29.948
29.949
29.95
29.951
29.952
29.953
29.954
29.955000000000002
29.956
29.957
29.958000000000002
29.959
29.96
29.961000000000002
29.962
29.963
29.964000000000002
29.965
29.966
29.967000000000002
29.968
29.969
29.97
29.971
29.972
29.973
29.974
29.975
29.976
29.977
29.978
29.979
29.98
29.981
29.982
29.983
29.984
29.985
29.986
29.987000000000002
29.988
29.989
29.990000000000002
29.991
29.992
29.993000000000002
29.994
29.995
29.996000000000002
29.997
29.998
29.999000000000002
