25.5
25.501
25.502
25.503
25.504
25.505
25.506
25.507
25.508
25.509
25.51
25.511
25.512
25.513
25.514
25.515
25.516000000000002
25.517
25.518
25.519000000000002
25.52
25.521
25.522000000000002
25.523
25.524
25.525000000000002
25.526
25.527
25.528000000000002
25.529
25.53
25.531
25.532
25.533
25.534
25.535
25.536
25.537
25.538
25.539
25.54
25.541
25.542
25.543
25.544
25.545
25.546
25.547
25.548000000000002
25.549
25.55
25.551000000000002
25.552
25.553
25.554000000000002
25.555
25.556
25.557000000000002
25.558
25.559
25.560000000000002
25.561
25.562
25.563
25.564
25.565
25.566
25.567
25.568
25.569
25.57
25.571
25.572
25.573
25.574
25.575
25.576
25.577
25.578
25.579
25.580000000000002
25.581
25.582
25.583000000000002
25.584
25.585
25.586000000000002
25.587
25.588
25.589000000000002
25.59
25.591
25.592000000000002
25.593
25.594
25.595
25.596
25.597
25.598
25.599
25.6
25.601
25.602
25.603
25.604
25.605
25.606
25.607
25.608
25.609
25.61
25.611
25.612000000000002
25.613
25.614
25.615000000000002
25.616
25.617
25.618000000000002
25.619
25.62
25.621000000000002
25.622
25.623
25.624
25.625
25.626
25.627
25.628
25.629
25.63
25.631
25.632
25.633
25.634
25.635
25.636
25.637
25.638
25.639
25.64
25.641000000000002
25.642
25.643
25.644000000000002
25.645
25.646
25.647000000000002
25.648
25.649
25.650000000000002
25.651
25.652
25.653000000000002
25.654
25.655
25.656
25.657
25.658
25.659
25.66
25.661
25.662
25.663
25.664
25.665
25.666
25.667
25.668
25.669
25.67
25.671
25.672
25.673000000000002
25.674
25.675
25.676000000000002
25.677
25.678
25.679000000000002
25.68
25.681
25.682000000000002
25.683
25.684
25.685000000000002
25.686
25.687
25.688
25.689
25.69
25.691
25.692
25.693
25.694
25.695
25.696
25.697
25.698
25.699
25.7
25.701
25.702
25.703
25.704
25.705000000000002
25.706
25.707
25.708000000000002
25.709
25.71
25.711000000000002
25.712
25.713
25.714000000000002
25.715
25.716
25.717000000000002
25.718
25.719
25.72
25.721
25.722
25.723
25.724
25.725
25.726
25.727
25.728
25.729
25.73
25.731
25.732
25.733
25.734
25.735
25.736
25.737000000000002
25.738
25.739
25.740000000000002
25.741
25.742
25.743000000000002
25.744
25.745
25.746000000000002
25.747
25.748
25.749
25.75
25.751
25.752
25.753
25.754
25.755
25.756
25.757
25.758
25.759
25.76
25.761
25.762
25.763
25.764
25.765
25.766000000000002
25.767
25.768
25.769000000000002
25.77
25.771
25.772000000000002
25.773
25.774
25.775000000000002
25.776
25.777
25.778000000000002
25.779
25.78
25.781
25.782
25.783
25.784
25.785
25.786
25.787
25.788
25.789
25.79
25.791
25.792
25.793
25.794
25.795
25.796
25.797
25.798000000000002
25.799
25.8
25.801000000000002
25.802
25.803
25.804000000000002
25.805
25.806
25.807000000000002
25.808
25.809
25.810000000000002
25.811
25.812
25.813
25.814
25.815
25.816
25.817
25.818
25.819
25.82
25.821
25.822
25.823
25.824
25.825
25.826
25.827
25.828
25.829
25.830000000000002
25.831
25.832
25.833000000000002
25.834
25.835
25.836000000000002
25.837
25.838
25.839000000000002
25.84
25.841
25.842000000000002
25.843
25.844
25.845
25.846
25.847
25.848
25.849
25.85
25.851
25.852
25.853
25.854
25.855
25.856
25.857
25.858
25.859
25.86
25.861
25.862000000000002
25.863
25.864
25.865000000000002
25.866
25.867
25.868000000000002
25.869
25.87
25.871000000000002
25.872
25.873
25.874
25.875
25.876
25.877
25.878
25.879
25.88
25.881
25.882
25.883
25.884
25.885
25.886
25.887
25.888
25.889
25.89
25.891000000000002
25.892
25.893
25.894000000000002
25.895
25.896
25.897000000000002
25.898
25.899
25.900000000000002
25.901
25.902
25.903000000000002
25.904
25.905
25.906
25.907
25.908
25.909
25.91
25.911
25.912
25.913
25.914
25.915
25.916
25.917
25.918
25.919
25.92
25.921
25.922
25.923000000000002
25.924
25.925
25.926000000000002
25.927
25.928
25.929000000000002
25.93
25.931
25.932000000000002
25.933
25.934
25.935000000000002
25.936
25.937
25.938
25.939
25.94
25.941
25.942
25.943
25.944
25.945
25.946
25.947
25.948
25.949
25.95
25.951
25.952
25.953
25.954
25.955000000000002
25.956
25.957
25.958000000000002
25.959
25.96
25.961000000000002
25.962
25.963
25.964000000000002
25.965
25.966
25.967000000000002
25.968
25.969
25.97
25.971
25.972
25.973
25.974
25.975
25.976
25.977
25.978
25.979
25.98
25.981
25.982
25.983
25.984
25.985
25.986
25.987000000000002
25.988
25.989
25.990000000000002
25.991
25.992
25.993000000000002
25.994
25.995
25.996000000000002
25.997
25.998
25.999
26.0
26.001
26.002
26.003
26.004
26.005
26.006
26.007
26.008
26.009
26.01
26.011
26.012
26.013
26.014
26.015
26.016000000000002
26.017
26.018
26.019000000000002
26.02
26.021
26.022000000000002
26.023
26.024
26.025000000000002
26.026
26.027
26.028000000000002
26.029
26.03
26.031
26.032
26.033
26.034
26.035
26.036
26.037
26.038
26.039
26.04
26.041
26.042
26.043
26.044
26.045
26.046
26.047
26.048000000000002
26.049
26.05
26.051000000000002
26.052
26.053
26.054000000000002
26.055
26.056
26.057000000000002
26.058
26.059
26.060000000000002
26.061
26.062
26.063
26.064
26.065
26.066
26.067
26.068
26.069
26.07
26.071
26.072
26.073
26.074
26.075
26.076
26.077
26.078
26.079
26.080000000000002
26.081
26.082
26.083000000000002
26.084
26.085
26.086000000000002
26.087
26.088
26.089000000000002
26.09
26.091
26.092000000000002
26.093
26.094
26.095
26.096
26.097
26.098
26.099
26.1
26.101
26.102
26.103
26.104
26.105
26.106
26.107
26.108
26.109
26.11
26.111
26.112000000000002
26.113
26.114
26.115000000000002
26.116
26.117
26.118000000000002
26.119
26.12
26.121000000000002
26.122
26.123
26.124
26.125
26.126
26.127
26.128
26.129
26.13
26.131
26.132
26.133
26.134
26.135
26.136
26.137
26.138
26.139
26.14
26.141000000000002
26.142
26.143
26.144000000000002
26.145
26.146
26.147000000000002
26.148
26.149
26.150000000000002
26.151
26.152
26.153000000000002
26.154
26.155
26.156
26.157
26.158
26.159
26.16
26.161
26.162
26.163
26.164
26.165
26.166
26.167
26.168
26.169
26.17
26.171
26.172
26.173000000000002
26.174
26.175
26.176000000000002
26.177
26.178
26.179000000000002
26.18
26.181
26.182000000000002
26.183
26.184
26.185000000000002
26.186
26.187
26.188
26.189
26.19
26.191
26.192
26.193
26.194
26.195
26.196
26.197
26.198
26.199
26.2
26.201
26.202
26.203
26.204
26.205000000000002
26.206
26.207
26.208000000000002
26.209
26.21
26.211000000000002
26.212
26.213
26.214000000000002
26.215
26.216
26.217000000000002
26.218
26.219
26.22
26.221
26.222
26.223
26.224
26.225
26.226
26.227
26.228
26.229
26.23
26.231
26.232
26.233
26.234
26.235
26.236
26.237000000000002
26.238
26.239
26.240000000000002
26.241
26.242
26.243000000000002
26.244
26.245
26.246000000000002
26.247
26.248
26.249
26.25
26.251
26.252
26.253
26.254
26.255
26.256
26.257
26.258
26.259
26.26
26.261
26.262
26.263
26.264
26.265
26.266000000000002
26.267
26.268
26.269000000000002
26.27
26.271
26.272000000000002
26.273
26.274
26.275000000000002
26.276
26.277
26.278000000000002
26.279
26.28
26.281
26.282
26.283
26.284
26.285
26.286
26.287
26.288
26.289
26.29
26.291
26.292
26.293
26.294
26.295
26.296
26.297
26.298000000000002
26.299
26.3
26.301000000000002
26.302
26.303
26.304000000000002
26.305
26.306
26.307000000000002
26.308
26.309
26.310000000000002
26.311
26.312
26.313
26.314
26.315
26.316
26.317
26.318
26.319
26.32
26.321
26.322
26.323
26.324
26.325
26.326
26.327
26.328
26.329
26.330000000000002
26.331
26.332
26.333000000000002
26.334
26.335
26.336000000000002
26.337
26.338
26.339000000000002
26.34
26.341
26.342000000000002
26.343
26.344
26.345
26.346
26.347
26.348
26.349
26.35
26.351
26.352
26.353
26.354
26.355
26.356
26.357
26.358
26.359
26.36
26.361
26.362000000000002
26.363
26.364
26.365000000000002
26.366
26.367
26.368000000000002
26.369
26.37
26.371000000000002
26.372
26.373
26.374
26.375
26.376
26.377
26.378
26.379
26.38
26.381
26.382
26.383
26.384
26.385
26.386
26.387
26.388
26.389
26.39
26.391000000000002
26.392
26.393
26.394000000000002
26.395
26.396
26.397000000000002
26.398
26.399
26.400000000000002
26.401
26.402
26.403000000000002
26.404
26.405
26.406
26.407
26.408
26.409
26.41
26.411
26.412
26.413
26.414
26.415
26.416
26.417
26.418
26.419
26.42
26.421
26.422
26.423000000000002
26.424
26.425
26.426000000000002
26.427
26.428
26.429000000000002
26.43
26.431
26.432000000000002
26.433
26.434
26.435000000000002
26.436
26.437
26.438
26.439
26.44
26.441
26.442
26.443
26.444
26.445
26.446
26.447
26.448
26.449
26.45
26.451
26.452
26.453
26.454
26.455000000000002
26.456
26.457
26.458000000000002
26.459
26.46
26.461000000000002
26.462
26.463
26.464000000000002
26.465
26.466
26.467000000000002
26.468
26.469
26.47
26.471
26.472
26.473
26.474
26.475
26.476
26.477
26.478
26.479
26.48
26.481
26.482
26.483
26.484
26.485
26.486
26.487000000000002
26.488
26.489
26.490000000000002
26.491
26.492
26.493000000000002
26.494
26.495
26.496000000000002
26.497
26.498
26.499
26.5
26.501
26.502
26.503
26.504
26.505
26.506
26.507
26.508
26.509
26.51
26.511
26.512
26.513
26.514
26.515
26.516000000000002
26.517
26.518
26.519000000000002
26.52
26.521
26.522000000000002
26.523
26.524
26.525000000000002
26.526
26.527
26.528000000000002
26.529
26.53
26.531
26.532
26.533
26.534
26.535
26.536
26.537
26.538
26.539
26.54
26.541
26.542
26.543
26.544
26.545
26.546
26.547
26.548000000000002
26.549
26.55
26.551000000000002
26.552
26.553
26.554000000000002
26.555
26.556
26.557000000000002
26.558
26.559
26.560000000000002
26.561
26.562
26.563
26.564
26.565
26.566
26.567
26.568
26.569
26.57
26.571
26.572
26.573
26.574
26.575
26.576
26.577
26.578
26.579
26.580000000000002
26.581
26.582
26.583000000000002
26.584
26.585
26.586000000000002
26.587
26.588
26.589000000000002
26.59
26.591
26.592000000000002
26.593
26.594
26.595
26.596
26.597
26.598
26.599
26.6
26.601
26.602
26.603
26.604
26.605
26.606
26.607
26.608
26.609
26.61
26.611
26.612000000000002
26.613
26.614
26.615000000000002
26.616
26.617
26.618000000000002
26.619
26.62
26.621000000000002
26.622
26.623
26.624000000000002
26.625
26.626
26.627
26.628
26.629
26.63
26.631
26.632
26.633
26.634
26.635
26.636
26.637
26.638
26.639
26.64
26.641000000000002
26.642
26.643
26.644000000000002
26.645
26.646
26.647000000000002
26.648
26.649
26.650000000000002
26.651
26.652
26.653000000000002
26.654
26.655
26.656
26.657
26.658
26.659
26.66
26.661
26.662
26.663
26.664
26.665
26.666
26.667
26.668
26.669
26.67
26.671
26.672
26.673000000000002
26.674
26.675
26.676000000000002
26.677
26.678
26.679000000000002
26.68
26.681
26.682000000000002
26.683
26.684
26.685000000000002
26.686
26.687
26.688
26.689
26.69
26.691
26.692
26.693
26.694
26.695
26.696
26.697
26.698
26.699
26.7
26.701
26.702
26.703
26.704
26.705000000000002
26.706
26.707
26.708000000000002
26.709
26.71
26.711000000000002
26.712
26.713
26.714000000000002
26.715
26.716
26.717000000000002
26.718
26.719
26.72
26.721
26.722
26.723
26.724
26.725
26.726
26.727
26.728
26.729
26.73
26.731
26.732
26.733
26.734
26.735
26.736
26.737000000000002
26.738
26.739
26.740000000000002
26.741
26.742
26.743000000000002
26.744
26.745
26.746000000000002
26.747
26.748
26.749000000000002
26.75
26.751
26.752
26.753
26.754
26.755
26.756
26.757
26.758
26.759
26.76
26.761
26.762
26.763
26.764
26.765
26.766000000000002
26.767
26.768
26.769000000000002
26.77
26.771
26.772000000000002
26.773
26.774
26.775000000000002
26.776
26.777
26.778000000000002
26.779
26.78
26.781
26.782
26.783
26.784
26.785
26.786
26.787
26.788
26.789
26.79
26.791
26.792
26.793
26.794
26.795
26.796
26.797
26.798000000000002
26.799
26.8
26.801000000000002
26.802
26.803
26.804000000000002
26.805
26.806
26.807000000000002
26.808
26.809
26.810000000000002
26.811
26.812
26.813
26.814
26.815
26.816
26.817
26.818
26.819
26.82
26.821
26.822
26.823
26.824
26.825
26.826
26.827
26.828
26.829
26.830000000000002
26.831
26.832
26.833000000000002
26.834
26.835
26.836000000000002
26.837
26.838
26.839000000000002
26.84
26.841
26.842000000000002
26.843
26.844
26.845
26.846
26.847
26.848
26.849
26.85
26.851
26.852
26.853
26.854
26.855
26.856
26.857
26.858
26.859
26.86
26.861
26.862000000000002
26.863
26.864
26.865000000000002
26.866
26.867
26.868000000000002
26.869
26.87
26.871000000000002
26.872
26.873
26.874000000000002
26.875
26.876
26.877
26.878
26.879
26.88
26.881
26.882
26.883
26.884
26.885
26.886
26.887
26.888
26.889
26.89
26.891000000000002
26.892
26.893
26.894000000000002
26.895
26.896
26.897000000000002
26.898
26.899
26.900000000000002
26.901
26.902
26.903000000000002
26.904
26.905
26.906
26.907
26.908
26.909
26.91
26.911
26.912
26.913
26.914
26.915
26.916
26.917
26.918
26.919
26.92
26.921
26.922
26.923000000000002
26.924
26.925
26.926000000000002
26.927
26.928
26.929000000000002
26.93
26.931
26.932000000000002
26.933
26.934
26.935000000000002
26.936
26.937
26.938
26.939
26.94
26.941
26.942
26.943
26.944
26.945
26.946
26.947
26.948
26.949
26.95
26.951
26.952
26.953
26.954
26.955000000000002
26.956
26.957
26.958000000000002
26.959
26.96
26.961000000000002
26.962
26.963
26.964000000000002
26.965
26.966
26.967000000000002
26.968
26.969
26.97
26.971
26.972
26.973
26.974
26.975
26.976
26.977
26.978
26.979
26.98
26.981
26.982
26.983
26.984
26.985
26.986
26.987000000000002
26.988
26.989
26.990000000000002
26.991
26.992
26.993000000000002
26.994
26.995
26.996000000000002
26.997
26.998
26.999000000000002
27.0
27.001
27.002
27.003
27.004
27.005
27.006
27.007
27.008
27.009
27.01
27.011
27.012
27.013
27.014
27.015
27.016000000000002
27.017
27.018
27.019000000000002
27.02
27.021
27.022000000000002
27.023
27.024
27.025000000000002
27.026
27.027
27.028000000000002
27.029
27.03
27.031
27.032
27.033
27.034
27.035
27.036
27.037
27.038
27.039
27.04
27.041
27.042
27.043
27.044
27.045
27.046
27.047
27.048000000000002
27.049
27.05
27.051000000000002
27.052
27.053
27.054000000000002
27.055
27.056
27.057000000000002
27.058
27.059
27.060000000000002
27.061
27.062
27.063
27.064
27.065
27.066
27.067
27.068
27.069
27.07
27.071
27.072
27.073
27.074
27.075
27.076
27.077
27.078
27.079
27.080000000000002
27.081
27.082
27.083000000000002
27.084
27.085
27.086000000000002
27.087
27.088
27.089000000000002
27.09
27.091
27.092000000000002
27.093
27.094
27.095
27.096
27.097
27.098
27.099
27.1
27.101
27.102
27.103
27.104
27.105
27.106
27.107
27.108
27.109
27.11
27.111
27.112000000000002
27.113
27.114
27.115000000000002
27.116
27.117
27.118000000000002
27.119
27.12
27.121000000000002
27.122
27.123
27.124000000000002
27.125
27.126
27.127
27.128
27.129
27.13
27.131
27.132
27.133
27.134
27.135
27.136
27.137
27.138
27.139
27.14
27.141000000000002
27.142
27.143
27.144000000000002
27.145
27.146
27.147000000000002
27.148
27.149
27.150000000000002
27.151
27.152
27.153000000000002
27.154
27.155
27.156
27.157
27.158
27.159
27.16
27.161
27.162
27.163
27.164
27.165
27.166
27.167
27.168
27.169
27.17
27.171
27.172
27.173000000000002
27.174
27.175
27.176000000000002
27.177
27.178
27.179000000000002
27.18
27.181
27.182000000000002
27.183
27.184
27.185000000000002
27.186
27.187
27.188
27.189
27.19
27.191
27.192
27.193
27.194
27.195
27.196
27.197
27.198
27.199
27.2
27.201
27.202
27.203
27.204
27.205000000000002
27.206
27.207
27.208000000000002
27.209
27.21
27.211000000000002
27.212
27.213
27.214000000000002
27.215
27.216
27.217000000000002
27.218
27.219
27.22
27.221
27.222
27.223
27.224
27.225
27.226
27.227
27.228
27.229
27.23
27.231
27.232
27.233
27.234
27.235
27.236
27.237000000000002
27.238
27.239
27.240000000000002
27.241
27.242
27.243000000000002
27.244
27.245
27.246000000000002
27.247
27.248
27.249000000000002
27.25
27.251
27.252
27.253
27.254
27.255
27.256
27.257
27.258
27.259
27.26
27.261
27.262
27.263
27.264
27.265
27.266000000000002
27.267
27.268
27.269000000000002
27.27
27.271
27.272000000000002
27.273
27.274
27.275000000000002
27.276
27.277
27.278000000000002
27.279
27.28
27.281
27.282
27.283
27.284
27.285
27.286
27.287
27.288
27.289
27.29
27.291
27.292
27.293
27.294
27.295
27.296
27.297
27.298000000000002
27.299
27.3
27.301000000000002
27.302
27.303
27.304000000000002
27.305
27.306
27.307000000000002
27.308
27.309
27.310000000000002
27.311
27.312
27.313
27.314
27.315
27.316
27.317
27.318
27.319
27.32
27.321
27.322
27.323
27.324
27.325
27.326
27.327
27.328
27.329
27.330000000000002
27.331
27.332
27.333000000000002
27.334
27.335
27.336000000000002
27.337
27.338
27.339000000000002
27.34
27.341
27.342000000000002
27.343
27.344
27.345
27.346
27.347
27.348
27.349
27.35
27.351
27.352
27.353
27.354
27.355
27.356
27.357
27.358
27.359
27.36
27.361
27.362000000000002
27.363
27.364
27.365000000000002
27.366
27.367
27.368000000000002
27.369
27.37
27.371000000000002
27.372
27.373
27.374000000000002
27.375
27.376
27.377
27.378
27.379
27.38
27.381
27.382
27.383
27.384
27.385
27.386
27.387
27.388
27.389
27.39
27.391000000000002
27.392
27.393
27.394000000000002
27.395
27.396
27.397000000000002
27.398
27.399
27.400000000000002
27.401
27.402
27.403000000000002
27.404
27.405
27.406
27.407
27.408
27.409
27.41
27.411
27.412
27.413
27.414
27.415
27.416
27.417
27.418
27.419
27.42
27.421
27.422
27.423000000000002
27.424
27.425
27.426000000000002
27.427
27.428
27.429000000000002
27.43
27.431
27.432000000000002
27.433
27.434
27.435000000000002
27.436
27.437
27.438
27.439
27.44
27.441
27.442
27.443
27.444
27.445
27.446
27.447
27.448
27.449
27.45
27.451
27.452
27.453
27.454
27.455000000000002
27.456
27.457
27.458000000000002
27.459
27.46
27.461000000000002
27.462
27.463
27.464000000000002
27.465
27.466
27.467000000000002
27.468
27.469
27.47
27.471
27.472
27.473
27.474
27.475
27.476
27.477
27.478
27.479
27.48
27.481
27.482
27.483
27.484
27.485
27.486
27.487000000000002
27.488
27.489
27.490000000000002
27.491
27.492
27.493000000000002
27.494
27.495
27.496000000000002
27.497
27.498
27.499000000000002
