-2.84375
-2.84375
-2.84375
-2.84375
-2.84375
-2.84375
-2.84375
-2.84375
-2.84375
-2.84375
-2.84375
-2.84375
-2.84375
-2.84375
-2.84375
-2.84375
-2.84375
-2.84375
-2.84375
-2.84375
-2.84375
-2.84375
-2.84375
-2.84375
-2.84375
-2.84375
-2.84375
-2.84375
-2.84375
-2.84375
-2.84375
-2.84375
-2.84375
-2.84375
-2.84375
-2.84375
-2.84375
-2.84375
-2.84375
-2.84375
-2.84375
-2.84375
-2.84375
-2.84375
-2.84375
-2.84375
-2.84375
-2.84375
-2.84375
-2.84375
-2.84375
-2.84375
-2.84375
-2.84375
-2.84375
-2.84375
-2.84375
-2.84375
-2.84375
-2.84375
-2.84375
-2.84375
-2.84375
-2.84375
-2.84375
-2.84375
-2.84375
-2.84375
-2.84375
-2.84375
-2.84375
-2.84375
-2.84375
-2.84375
-2.84375
-2.84375
-2.84375
-2.84375
-2.84375
-2.84375
-2.84375
-2.84375
-2.84375
-2.84375
-2.84375
-2.84375
-2.84375
-2.84375
-2.84375
-2.84375
-2.84375
-2.84375
-2.84375
-2.84375
-2.84375
-2.84375
-2.84375
-2.84375
-2.84375
-2.84375
-2.84375
-2.84375
-2.84375
-2.84375
-2.84375
-2.84375
-2.84375
-2.84375
-2.84375
-2.84375
-2.84375
-2.84375
-2.84375
-2.84375
-2.84375
-2.84375
-2.84375
-2.84375
-2.84375
-2.84375
-2.84375
-2.84375
-2.84375
-2.84375
-2.84375
-2.84375
-2.84375
-2.84375
-2.84375
-2.84375
-2.84375
-2.84375
-2.84375
-2.84375
-2.84375
-2.84375
-2.84375
-2.84375
-2.84375
-2.84375
-2.84375
-2.84375
-2.84375
-2.84375
-2.84375
-2.84375
-2.84375
-2.84375
-2.84375
-2.84375
-2.84375
-2.84375
-2.84375
-2.84375
-2.84375
-2.84375
-2.84375
-2.84375
-2.84375
-2.84375
-2.84375
-2.84375
-2.84375
-2.84375
-2.84375
-2.84375
-2.84375
-2.84375
-2.84375
-2.84375
-2.84375
-2.84375
-2.84375
-2.84375
-2.84375
-2.84375
-2.84375
-2.84375
-2.84375
-2.84375
-2.84375
-2.84375
-2.84375
-2.84375
-2.84375
-2.84375
-2.84375
-2.84375
-2.84375
-2.84375
-2.84375
-2.84375
-2.84375
-2.84375
-2.84375
-2.84375
-2.84375
-2.84375
-2.84375
-2.84375
-2.84375
-2.84375
-2.84375
-2.84375
-2.84375
-2.84375
-2.84375
-2.84375
-2.84375
-2.84375
-2.84375
-2.84375
-2.84375
-2.84375
-2.84375
-2.84375
-2.84375
-2.84375
-2.84375
-2.84375
-2.84375
-2.84375
-2.84375
-2.84375
-2.84375
-2.84375
-2.84375
-2.84375
-2.84375
-2.84375
-2.84375
-2.84375
-2.84375
-2.84375
-2.84375
-2.84375
-2.84375
-2.84375
-2.84375
-2.84375
-2.84375
-2.84375
-2.84375
-2.84375
-2.84375
-2.84375
-2.84375
-2.84375
-2.84375
-2.84375
-2.84375
-2.84375
-2.84375
-2.84375
-2.84375
-2.84375
-2.84375
-2.84375
-2.84375
-2.84375
-2.84375
-2.84375
-2.84375
-2.84375
-2.84375
-2.84375
-2.84375
-2.84375
-2.84375
-2.84375
-2.84375
-2.84375
-2.84375
-2.84375
-2.84375
-2.84375
-2.84375
-2.84375
-2.84375
-2.84375
-2.84375
-2.84375
-2.8125
-2.8125
-2.8125
-2.8125
-2.8125
-2.8125
-2.8125
-2.8125
-2.8125
-2.8125
-2.78125
-2.78125
-2.78125
-2.78125
-2.78125
-2.78125
-2.78125
-2.78125
-2.78125
-2.78125
-2.78125
-2.75
-2.75
-2.75
-2.75
-2.75
-2.75
-2.75
-2.75
-2.75
-2.75
-2.75
-2.71875
-2.71875
-2.71875
-2.71875
-2.71875
-2.71875
-2.71875
-2.71875
-2.71875
-2.71875
-2.6875
-2.6875
-2.6875
-2.6875
-2.6875
-2.6875
-2.6875
-2.6875
-2.6875
-2.6875
-2.6875
-2.65625
-2.65625
-2.65625
-2.65625
-2.65625
-2.65625
-2.65625
-2.65625
-2.65625
-2.65625
-2.65625
-2.65625
-2.65625
-2.65625
-2.625
-2.625
-2.625
-2.625
-2.625
-2.625
-2.625
-2.625
-2.625
-2.625
-2.625
-2.625
-2.625
-2.625
-2.625
-2.625
-2.59375
-2.59375
-2.59375
-2.59375
-2.59375
-2.59375
-2.59375
-2.59375
-2.59375
-2.59375
-2.59375
-2.59375
-2.59375
-2.59375
-2.59375
-2.59375
-2.5625
-2.5625
-2.5625
-2.5625
-2.5625
-2.5625
-2.5625
-2.5625
-2.5625
-2.5625
-2.5625
-2.5625
-2.5625
-2.5625
-2.5625
-2.5625
-2.53125
-2.53125
-2.53125
-2.53125
-2.53125
-2.53125
-2.53125
-2.53125
-2.53125
-2.53125
-2.53125
-2.53125
-2.53125
-2.53125
-2.53125
-2.53125
-2.5
-2.5
-2.5
-2.5
-2.5
-2.5
-2.5
-2.5
-2.5
-2.5
-2.5
-2.5
-2.5
-2.5
-2.5
-2.5
-2.46875
-2.46875
-2.46875
-2.46875
-2.46875
-2.46875
-2.46875
-2.46875
-2.46875
-2.46875
-2.46875
-2.46875
-2.46875
-2.46875
-2.46875
-2.46875
-2.46875
-2.46875
-2.46875
-2.46875
-2.46875
-2.4375
-2.4375
-2.4375
-2.4375
-2.4375
-2.4375
-2.4375
-2.4375
-2.4375
-2.4375
-2.4375
-2.4375
-2.4375
-2.4375
-2.4375
-2.4375
-2.4375
-2.4375
-2.4375
-2.4375
-2.4375
-2.4375
-2.4375
-2.4375
-2.4375
-2.4375
-2.4375
-2.4375
-2.4375
-2.4375
-2.4375
-2.4375
-2.40625
-2.40625
-2.40625
-2.40625
-2.40625
-2.40625
-2.40625
-2.40625
-2.40625
-2.40625
-2.40625
-2.40625
-2.40625
-2.40625
-2.40625
-2.40625
-2.40625
-2.40625
-2.40625
-2.40625
-2.40625
-2.40625
-2.40625
-2.40625
-2.40625
-2.40625
-2.40625
-2.40625
-2.40625
-2.40625
-2.40625
-2.40625
-2.375
-2.375
-2.375
-2.375
-2.375
-2.375
-2.375
-2.375
-2.375
-2.375
-2.375
-2.375
-2.375
-2.375
-2.375
-2.375
-2.375
-2.375
-2.375
-2.375
-2.375
-2.375
-2.375
-2.375
-2.375
-2.375
-2.375
-2.375
-2.375
-2.375
-2.375
-2.375
-2.34375
-2.34375
-2.34375
-2.34375
-2.34375
-2.34375
-2.34375
-2.34375
-2.34375
-2.34375
-2.34375
-2.34375
-2.34375
-2.34375
-2.34375
-2.34375
-2.34375
-2.34375
-2.34375
-2.34375
-2.34375
-2.34375
-2.34375
-2.34375
-2.34375
-2.34375
-2.34375
-2.34375
-2.34375
-2.34375
-2.34375
-2.34375
-2.3125
-2.3125
-2.3125
-2.3125
-2.3125
-2.3125
-2.3125
-2.3125
-2.3125
-2.3125
-2.3125
-2.3125
-2.3125
-2.3125
-2.3125
-2.3125
-2.3125
-2.3125
-2.3125
-2.3125
-2.3125
-2.3125
-2.3125
-2.3125
-2.3125
-2.3125
-2.3125
-2.3125
-2.3125
-2.3125
-2.3125
-2.3125
-2.28125
-2.28125
-2.28125
-2.28125
-2.28125
-2.28125
-2.28125
-2.28125
-2.28125
-2.28125
-2.28125
-2.28125
-2.28125
-2.28125
-2.28125
-2.28125
-2.28125
-2.28125
-2.28125
-2.28125
-2.28125
-2.28125
-2.28125
-2.28125
-2.28125
-2.28125
-2.28125
-2.28125
-2.28125
-2.28125
-2.28125
-2.28125
-2.25
-2.25
-2.25
-2.25
-2.25
-2.25
-2.25
-2.25
-2.25
-2.25
-2.25
-2.25
-2.25
-2.25
-2.25
-2.25
-2.25
-2.25
-2.25
-2.25
-2.25
-2.25
-2.25
-2.25
-2.25
-2.25
-2.25
-2.25
-2.25
-2.25
-2.25
-2.25
-2.25
-2.25
-2.25
-2.25
-2.25
-2.25
-2.25
-2.25
-2.25
-2.25
-2.25
-2.25
-2.25
-2.25
-2.25
-2.25
-2.25
-2.25
-2.25
-2.25
-2.25
-2.25
-2.25
-2.25
-2.25
-2.25
-2.25
-2.25
-2.25
-2.25
-2.25
-2.25
-2.25
-2.25
-2.25
-2.25
-2.25
-2.25
-2.25
-2.25
-2.25
-2.25
-2.25
-2.25
-2.25
-2.25
-2.25
-2.25
-2.25
-2.25
-2.25
-2.25
-2.25
-2.25
-2.25
-2.25
-2.25
-2.25
-2.25
-2.25
-2.25
-2.25
-2.25
-2.25
-2.25
-2.25
-2.25
-2.25
-2.25
-2.25
-2.25
-2.25
-2.25
-2.25
-2.25
-2.25
-2.25
-2.25
-2.25
-2.25
-2.25
-2.25
-2.25
-2.25
-2.25
-2.25
-2.25
-2.25
-2.25
-2.25
-2.25
-2.25
-2.25
-2.25
-2.25
-2.25
-2.25
-2.25
-2.25
-2.25
-2.25
-2.25
-2.25
-2.25
-2.25
-2.25
-2.25
-2.28125
-2.28125
-2.28125
-2.28125
-2.28125
-2.28125
-2.28125
-2.28125
-2.28125
-2.28125
-2.28125
-2.3125
-2.3125
-2.3125
-2.3125
-2.3125
-2.3125
-2.3125
-2.3125
-2.3125
-2.3125
-2.3125
-2.34375
-2.34375
-2.34375
-2.34375
-2.34375
-2.34375
-2.34375
-2.34375
-2.34375
-2.34375
-2.375
-2.375
-2.375
-2.375
-2.375
-2.375
-2.375
-2.375
-2.375
-2.375
-2.375
-2.40625
-2.40625
-2.40625
-2.40625
-2.40625
-2.40625
-2.40625
-2.40625
-2.40625
-2.40625
-2.40625
-2.4375
-2.4375
-2.4375
-2.4375
-2.4375
-2.4375
-2.4375
-2.4375
-2.4375
-2.4375
-2.46875
-2.46875
-2.46875
-2.46875
-2.46875
-2.46875
-2.46875
-2.46875
-2.46875
-2.46875
-2.46875
-2.46875
-2.46875
-2.46875
-2.5
-2.5
-2.5
-2.5
-2.5
-2.5
-2.5
-2.5
-2.5
-2.5
-2.5
-2.5
-2.5
-2.5
-2.5
-2.5
-2.53125
-2.53125
-2.53125
-2.53125
-2.53125
-2.53125
-2.53125
-2.53125
-2.53125
-2.53125
-2.53125
-2.53125
-2.53125
-2.53125
-2.53125
-2.53125
-2.5625
-2.5625
-2.5625
-2.5625
-2.5625
-2.5625
-2.5625
-2.5625
-2.5625
-2.5625
-2.5625
-2.5625
-2.5625
-2.5625
-2.5625
-2.5625
-2.59375
-2.59375
-2.59375
-2.59375
-2.59375
-2.59375
-2.59375
-2.59375
-2.59375
-2.59375
-2.59375
-2.59375
-2.59375
-2.59375
-2.59375
-2.59375
-2.625
-2.625
-2.625
-2.625
-2.625
-2.625
-2.625
-2.625
-2.625
-2.625
-2.625
-2.625
-2.625
-2.625
-2.625
-2.625
-2.65625
-2.65625
-2.65625
-2.65625
-2.65625
-2.65625
-2.65625
-2.65625
-2.65625
-2.65625
-2.65625
-2.65625
-2.65625
-2.65625
-2.65625
-2.65625
-2.65625
-2.65625
-2.65625
-2.65625
-2.65625
-2.6875
-2.6875
-2.6875
-2.6875
-2.6875
-2.6875
-2.6875
-2.6875
-2.6875
-2.6875
-2.6875
-2.6875
-2.6875
-2.6875
-2.6875
-2.6875
-2.6875
-2.6875
-2.6875
-2.6875
-2.6875
-2.6875
-2.6875
-2.6875
-2.6875
-2.6875
-2.6875
-2.6875
-2.6875
-2.6875
-2.6875
-2.6875
-2.71875
-2.71875
-2.71875
-2.71875
-2.71875
-2.71875
-2.71875
-2.71875
