33.0
33.001
33.002
33.003
33.004
33.005
33.006
33.007
33.008
33.009
33.01
33.011
33.012
33.013
33.014
33.015
33.016
33.017
33.018
33.019
33.02
33.021
33.022
33.023
33.024
33.025
33.026
33.027
33.028
33.029
33.03
33.031
33.032000000000004
33.033
33.034
33.035000000000004
33.036
33.037
33.038000000000004
33.039
33.04
33.041000000000004
33.042
33.043
33.044000000000004
33.045
33.046
33.047000000000004
33.048
33.049
33.05
33.051
33.052
33.053
33.054
33.055
33.056
33.057
33.058
33.059
33.06
33.061
33.062
33.063
33.064
33.065
33.066
33.067
33.068
33.069
33.07
33.071
33.072
33.073
33.074
33.075
33.076
33.077
33.078
33.079
33.08
33.081
33.082
33.083
33.084
33.085
33.086
33.087
33.088
33.089
33.09
33.091
33.092
33.093
33.094
33.095
33.096000000000004
33.097
33.098
33.099000000000004
33.1
33.101
33.102000000000004
33.103
33.104
33.105000000000004
33.106
33.107
33.108000000000004
33.109
33.11
33.111000000000004
33.112
33.113
33.114
33.115
33.116
33.117
33.118
33.119
33.12
33.121
33.122
33.123
33.124
33.125
33.126
33.127
33.128
33.129
33.13
33.131
33.132
33.133
33.134
33.135
33.136
33.137
33.138
33.139
33.14
33.141
33.142
33.143
33.144
33.145
33.146
33.147
33.148
33.149
33.15
33.151
33.152
33.153
33.154
33.155
33.156
33.157000000000004
33.158
33.159
33.160000000000004
33.161
33.162
33.163000000000004
33.164
33.165
33.166000000000004
33.167
33.168
33.169000000000004
33.17
33.171
33.172000000000004
33.173
33.174
33.175
33.176
33.177
33.178
33.179
33.18
33.181
33.182
33.183
33.184
33.185
33.186
33.187
33.188
33.189
33.19
33.191
33.192
33.193
33.194
33.195
33.196
33.197
33.198
33.199
33.2
33.201
33.202
33.203
33.204
33.205
33.206
33.207
33.208
33.209
33.21
33.211
33.212
33.213
33.214
33.215
33.216
33.217
33.218
33.219
33.22
33.221000000000004
33.222
33.223
33.224000000000004
33.225
33.226
33.227000000000004
33.228
33.229
33.230000000000004
33.231
33.232
33.233000000000004
33.234
33.235
33.236000000000004
33.237
33.238
33.239
33.24
33.241
33.242
33.243
33.244
33.245
33.246
33.247
33.248
33.249
33.25
33.251
33.252
33.253
33.254
33.255
33.256
33.257
33.258
33.259
33.26
33.261
33.262
33.263
33.264
33.265
33.266
33.267
33.268
33.269
33.27
33.271
33.272
33.273
33.274
33.275
33.276
33.277
33.278
33.279
33.28
33.281
33.282000000000004
33.283
33.284
33.285000000000004
33.286
33.287
33.288000000000004
33.289
33.29
33.291000000000004
33.292
33.293
33.294000000000004
33.295
33.296
33.297000000000004
33.298
33.299
33.3
33.301
33.302
33.303
33.304
33.305
33.306
33.307
33.308
33.309
33.31
33.311
33.312
33.313
33.314
33.315
33.316
33.317
33.318
33.319
33.32
33.321
33.322
33.323
33.324
33.325
33.326
33.327
33.328
33.329
33.33
33.331
33.332
33.333
33.334
33.335
33.336
33.337
33.338
33.339
33.34
33.341
33.342
33.343
33.344
33.345
33.346000000000004
33.347
33.348
33.349000000000004
33.35
33.351
33.352000000000004
33.353
33.354
33.355000000000004
33.356
33.357
33.358000000000004
33.359
33.36
33.361000000000004
33.362
33.363
33.364
33.365
33.366
33.367
33.368
33.369
33.37
33.371
33.372
33.373
33.374
33.375
33.376
33.377
33.378
33.379
33.38
33.381
33.382
33.383
33.384
33.385
33.386
33.387
33.388
33.389
33.39
33.391
33.392
33.393
33.394
33.395
33.396
33.397
33.398
33.399
33.4
33.401
33.402
33.403
33.404
33.405
33.406
33.407000000000004
33.408
33.409
33.410000000000004
33.411
33.412
33.413000000000004
33.414
33.415
33.416000000000004
33.417
33.418
33.419000000000004
33.42
33.421
33.422000000000004
33.423
33.424
33.425
33.426
33.427
33.428
33.429
33.43
33.431
33.432
33.433
33.434
33.435
33.436
33.437
33.438
33.439
33.44
33.441
33.442
33.443
33.444
33.445
33.446
33.447
33.448
33.449
33.45
33.451
33.452
33.453
33.454
33.455
33.456
33.457
33.458
33.459
33.46
33.461
33.462
33.463
33.464
33.465
33.466
33.467
33.468
33.469
33.47
33.471000000000004
33.472
33.473
33.474000000000004
33.475
33.476
33.477000000000004
33.478
33.479
33.480000000000004
33.481
33.482
33.483000000000004
33.484
33.485
33.486000000000004
33.487
33.488
33.489
33.49
33.491
33.492
33.493
33.494
33.495
33.496
33.497
33.498
33.499
33.5
33.501
33.502
33.503
33.504
33.505
33.506
33.507
33.508
33.509
33.51
33.511
33.512
33.513
33.514
33.515
33.516
33.517
33.518
33.519
33.52
33.521
33.522
33.523
33.524
33.525
33.526
33.527
33.528
33.529
33.53
33.531
33.532000000000004
33.533
33.534
33.535000000000004
33.536
33.537
33.538000000000004
33.539
33.54
33.541000000000004
33.542
33.543
33.544000000000004
33.545
33.546
33.547000000000004
33.548
33.549
33.55
33.551
33.552
33.553
33.554
33.555
33.556
33.557
33.558
33.559
33.56
33.561
33.562
33.563
33.564
33.565
33.566
33.567
33.568
33.569
33.57
33.571
33.572
33.573
33.574
33.575
33.576
33.577
33.578
33.579
33.58
33.581
33.582
33.583
33.584
33.585
33.586
33.587
33.588
33.589
33.59
33.591
33.592
33.593
33.594
33.595
33.596000000000004
33.597
33.598
33.599000000000004
33.6
33.601
33.602000000000004
33.603
33.604
33.605000000000004
33.606
33.607
33.608000000000004
33.609
33.61
33.611000000000004
33.612
33.613
33.614
33.615
33.616
33.617
33.618
33.619
33.62
33.621
33.622
33.623
33.624
33.625
33.626
33.627
33.628
33.629
33.63
33.631
33.632
33.633
33.634
33.635
33.636
33.637
33.638
33.639
33.64
33.641
33.642
33.643
33.644
33.645
33.646
33.647
33.648
33.649
33.65
33.651
33.652
33.653
33.654
33.655
33.656
33.657000000000004
33.658
33.659
33.660000000000004
33.661
33.662
33.663000000000004
33.664
33.665
33.666000000000004
33.667
33.668
33.669000000000004
33.67
33.671
33.672000000000004
33.673
33.674
33.675
33.676
33.677
33.678
33.679
33.68
33.681
33.682
33.683
33.684
33.685
33.686
33.687
33.688
33.689
33.69
33.691
33.692
33.693
33.694
33.695
33.696
33.697
33.698
33.699
33.7
33.701
33.702
33.703
33.704
33.705
33.706
33.707
33.708
33.709
33.71
33.711
33.712
33.713
33.714
33.715
33.716
33.717
33.718
33.719
33.72
33.721000000000004
33.722
33.723
33.724000000000004
33.725
33.726
33.727000000000004
33.728
33.729
33.730000000000004
33.731
33.732
33.733000000000004
33.734
33.735
33.736000000000004
33.737
33.738
33.739
33.74
33.741
33.742
33.743
33.744
33.745
33.746
33.747
33.748
33.749
33.75
33.751
33.752
33.753
33.754
33.755
33.756
33.757
33.758
33.759
33.76
33.761
33.762
33.763
33.764
33.765
33.766
33.767
33.768
33.769
33.77
33.771
33.772
33.773
33.774
33.775
33.776
33.777
33.778
33.779
33.78
33.781
33.782000000000004
33.783
33.784
33.785000000000004
33.786
33.787
33.788000000000004
33.789
33.79
33.791000000000004
33.792
33.793
33.794000000000004
33.795
33.796
33.797000000000004
33.798
33.799
33.8
33.801
33.802
33.803
33.804
33.805
33.806
33.807
33.808
33.809
33.81
33.811
33.812
33.813
33.814
33.815
33.816
33.817
33.818
33.819
33.82
33.821
33.822
33.823
33.824
33.825
33.826
33.827
33.828
33.829
33.83
33.831
33.832
33.833
33.834
33.835
33.836
33.837
33.838
33.839
33.84
33.841
33.842
33.843
33.844
33.845
33.846000000000004
33.847
33.848
33.849000000000004
33.85
33.851
33.852000000000004
33.853
33.854
33.855000000000004
33.856
33.857
33.858000000000004
33.859
33.86
33.861000000000004
33.862
33.863
33.864
33.865
33.866
33.867
33.868
33.869
33.87
33.871
33.872
33.873
33.874
33.875
33.876
33.877
33.878
33.879
33.88
33.881
33.882
33.883
33.884
33.885
33.886
33.887
33.888
33.889
33.89
33.891
33.892
33.893
33.894
33.895
33.896
33.897
33.898
33.899
33.9
33.901
33.902
33.903
33.904
33.905
33.906
33.907000000000004
33.908
33.909
33.910000000000004
33.911
33.912
33.913000000000004
33.914
33.915
33.916000000000004
33.917
33.918
33.919000000000004
33.92
33.921
33.922000000000004
33.923
33.924
33.925
33.926
33.927
33.928
33.929
33.93
33.931
33.932
33.933
33.934
33.935
33.936
33.937
33.938
33.939
33.94
33.941
33.942
33.943
33.944
33.945
33.946
33.947
33.948
33.949
33.95
33.951
33.952
33.953
33.954
33.955
33.956
33.957
33.958
33.959
33.96
33.961
33.962
33.963
33.964
33.965
33.966
33.967
33.968
33.969
33.97
33.971000000000004
33.972
33.973
33.974000000000004
33.975
33.976
33.977000000000004
33.978
33.979
33.980000000000004
33.981
33.982
33.983000000000004
33.984
33.985
33.986000000000004
33.987
33.988
33.989
33.99
33.991
33.992
33.993
33.994
33.995
33.996
33.997
33.998
33.999
34.0
34.001
34.002
34.003
34.004
34.005
34.006
34.007
34.008
34.009
34.01
34.011
34.012
34.013
34.014
34.015
34.016
34.017
34.018
34.019
34.02
34.021
34.022
34.023
34.024
34.025
34.026
34.027
34.028
34.029
34.03
34.031
34.032000000000004
34.033
34.034
34.035000000000004
34.036
34.037
34.038000000000004
34.039
34.04
34.041000000000004
34.042
34.043
34.044000000000004
34.045
34.046
34.047000000000004
34.048
34.049
34.05
34.051
34.052
34.053
34.054
34.055
34.056
34.057
34.058
34.059
34.06
34.061
34.062
34.063
34.064
34.065
34.066
34.067
34.068
34.069
34.07
34.071
34.072
34.073
34.074
34.075
34.076
34.077
34.078
34.079
34.08
34.081
34.082
34.083
34.084
34.085
34.086
34.087
34.088
34.089
34.09
34.091
34.092
34.093
34.094
34.095
34.096000000000004
34.097
34.098
34.099000000000004
34.1
34.101
34.102000000000004
34.103
34.104
34.105000000000004
34.106
34.107
34.108000000000004
34.109
34.11
34.111000000000004
34.112
34.113
34.114
34.115
34.116
34.117
34.118
34.119
34.12
34.121
34.122
34.123
34.124
34.125
34.126
34.127
34.128
34.129
34.13
34.131
34.132
34.133
34.134
34.135
34.136
34.137
34.138
34.139
34.14
34.141
34.142
34.143
34.144
34.145
34.146
34.147
34.148
34.149
34.15
34.151
34.152
34.153
34.154
34.155
34.156
34.157000000000004
34.158
34.159
34.160000000000004
34.161
34.162
34.163000000000004
34.164
34.165
34.166000000000004
34.167
34.168
34.169000000000004
34.17
34.171
34.172000000000004
34.173
34.174
34.175000000000004
34.176
34.177
34.178
34.179
34.18
34.181
34.182
34.183
34.184
34.185
34.186
34.187
34.188
34.189
34.19
34.191
34.192
34.193
34.194
34.195
34.196
34.197
34.198
34.199
34.2
34.201
34.202
34.203
34.204
34.205
34.206
34.207
34.208
34.209
34.21
34.211
34.212
34.213
34.214
34.215
34.216
34.217
34.218
34.219
34.22
34.221000000000004
34.222
34.223
34.224000000000004
34.225
34.226
34.227000000000004
34.228
34.229
34.230000000000004
34.231
34.232
34.233000000000004
34.234
34.235
34.236000000000004
34.237
34.238
34.239
34.24
34.241
34.242
34.243
34.244
34.245
34.246
34.247
34.248
34.249
34.25
34.251
34.252
34.253
34.254
34.255
34.256
34.257
34.258
34.259
34.26
34.261
34.262
34.263
34.264
34.265
34.266
34.267
34.268
34.269
34.27
34.271
34.272
34.273
34.274
34.275
34.276
34.277
34.278
34.279
34.28
34.281
34.282000000000004
34.283
34.284
34.285000000000004
34.286
34.287
34.288000000000004
34.289
34.29
34.291000000000004
34.292
34.293
34.294000000000004
34.295
34.296
34.297000000000004
34.298
34.299
34.300000000000004
34.301
34.302
34.303
34.304
34.305
34.306
34.307
34.308
34.309
34.31
34.311
34.312
34.313
34.314
34.315
34.316
34.317
34.318
34.319
34.32
34.321
34.322
34.323
34.324
34.325
34.326
34.327
34.328
34.329
34.33
34.331
34.332
34.333
34.334
34.335
34.336
34.337
34.338
34.339
34.34
34.341
34.342
34.343
34.344
34.345
34.346000000000004
34.347
34.348
34.349000000000004
34.35
34.351
34.352000000000004
34.353
34.354
34.355000000000004
34.356
34.357
34.358000000000004
34.359
34.36
34.361000000000004
34.362
34.363
34.364
34.365
34.366
34.367
34.368
34.369
34.37
34.371
34.372
34.373
34.374
34.375
34.376
34.377
34.378
34.379
34.38
34.381
34.382
34.383
34.384
34.385
34.386
34.387
34.388
34.389
34.39
34.391
34.392
34.393
34.394
34.395
34.396
34.397
34.398
34.399
34.4
34.401
34.402
34.403
34.404
34.405
34.406
34.407000000000004
34.408
34.409
34.410000000000004
34.411
34.412
34.413000000000004
34.414
34.415
34.416000000000004
34.417
34.418
34.419000000000004
34.42
34.421
34.422000000000004
34.423
34.424
34.425000000000004
34.426
34.427
34.428
34.429
34.43
34.431
34.432
34.433
34.434
34.435
34.436
34.437
34.438
34.439
34.44
34.441
34.442
34.443
34.444
34.445
34.446
34.447
34.448
34.449
34.45
34.451
34.452
34.453
34.454
34.455
34.456
34.457
34.458
34.459
34.46
34.461
34.462
34.463
34.464
34.465
34.466
34.467
34.468
34.469
34.47
34.471000000000004
34.472
34.473
34.474000000000004
34.475
34.476
34.477000000000004
34.478
34.479
34.480000000000004
34.481
34.482
34.483000000000004
34.484
34.485
34.486000000000004
34.487
34.488
34.489
34.49
34.491
34.492
34.493
34.494
34.495
34.496
34.497
34.498
34.499
34.5
34.501
34.502
34.503
34.504
34.505
34.506
34.507
34.508
34.509
34.51
34.511
34.512
34.513
34.514
34.515
34.516
34.517
34.518
34.519
34.52
34.521
34.522
34.523
34.524
34.525
34.526
34.527
34.528
34.529
34.53
34.531
34.532000000000004
34.533
34.534
34.535000000000004
34.536
34.537
34.538000000000004
34.539
34.54
34.541000000000004
34.542
34.543
34.544000000000004
34.545
34.546
34.547000000000004
34.548
34.549
34.550000000000004
34.551
34.552
34.553
34.554
34.555
34.556
34.557
34.558
34.559
34.56
34.561
34.562
34.563
34.564
34.565
34.566
34.567
34.568
34.569
34.57
34.571
34.572
34.573
34.574
34.575
34.576
34.577
34.578
34.579
34.58
34.581
34.582
34.583
34.584
34.585
34.586
34.587
34.588
34.589
34.59
34.591
34.592
34.593
34.594
34.595
34.596000000000004
34.597
34.598
34.599000000000004
34.6
34.601
34.602000000000004
34.603
34.604
34.605000000000004
34.606
34.607
34.608000000000004
34.609
34.61
34.611000000000004
34.612
34.613
34.614
34.615
34.616
34.617
34.618
34.619
34.62
34.621
34.622
34.623
34.624
34.625
34.626
34.627
34.628
34.629
34.63
34.631
34.632
34.633
34.634
34.635
34.636
34.637
34.638
34.639
34.64
34.641
34.642
34.643
34.644
34.645
34.646
34.647
34.648
34.649
34.65
34.651
34.652
34.653
34.654
34.655
34.656
34.657000000000004
34.658
34.659
34.660000000000004
34.661
34.662
34.663000000000004
34.664
34.665
34.666000000000004
34.667
34.668
34.669000000000004
34.67
34.671
34.672000000000004
34.673
34.674
34.675000000000004
34.676
34.677
34.678
34.679
34.68
34.681
34.682
34.683
34.684
34.685
34.686
34.687
34.688
34.689
34.69
34.691
34.692
34.693
34.694
34.695
34.696
34.697
34.698
34.699
34.7
34.701
34.702
34.703
34.704
34.705
34.706
34.707
34.708
34.709
34.71
34.711
34.712
34.713
34.714
34.715
34.716
34.717
34.718
34.719
34.72
34.721000000000004
34.722
34.723
34.724000000000004
34.725
34.726
34.727000000000004
34.728
34.729
34.730000000000004
34.731
34.732
34.733000000000004
34.734
34.735
34.736000000000004
34.737
34.738
34.739
34.74
34.741
34.742
34.743
34.744
34.745
34.746
34.747
34.748
34.749
34.75
34.751
34.752
34.753
34.754
34.755
34.756
34.757
34.758
34.759
34.76
34.761
34.762
34.763
34.764
34.765
34.766
34.767
34.768
34.769
34.77
34.771
34.772
34.773
34.774
34.775
34.776
34.777
34.778
34.779
34.78
34.781
34.782000000000004
34.783
34.784
34.785000000000004
34.786
34.787
34.788000000000004
34.789
34.79
34.791000000000004
34.792
34.793
34.794000000000004
34.795
34.796
34.797000000000004
34.798
34.799
34.800000000000004
34.801
34.802
34.803
34.804
34.805
34.806
34.807
34.808
34.809
34.81
34.811
34.812
34.813
34.814
34.815
34.816
34.817
34.818
34.819
34.82
34.821
34.822
34.823
34.824
34.825
34.826
34.827
34.828
34.829
34.83
34.831
34.832
34.833
34.834
34.835
34.836
34.837
34.838
34.839
34.84
34.841
34.842
34.843
34.844
34.845
34.846000000000004
34.847
34.848
34.849000000000004
34.85
34.851
34.852000000000004
34.853
34.854
34.855000000000004
34.856
34.857
34.858000000000004
34.859
34.86
34.861000000000004
34.862
34.863
34.864
34.865
34.866
34.867
34.868
34.869
34.87
34.871
34.872
34.873
34.874
34.875
34.876
34.877
34.878
34.879
34.88
34.881
34.882
34.883
34.884
34.885
34.886
34.887
34.888
34.889
34.89
34.891
34.892
34.893
34.894
34.895
34.896
34.897
34.898
34.899
34.9
34.901
34.902
34.903
34.904
34.905
34.906
34.907000000000004
34.908
34.909
34.910000000000004
34.911
34.912
34.913000000000004
34.914
34.915
34.916000000000004
34.917
34.918
34.919000000000004
34.92
34.921
34.922000000000004
34.923
34.924
34.925000000000004
34.926
34.927
34.928
34.929
34.93
34.931
34.932
34.933
34.934
34.935
34.936
34.937
34.938
34.939
34.94
34.941
34.942
34.943
34.944
34.945
34.946
34.947
34.948
34.949
34.95
34.951
34.952
34.953
34.954
34.955
34.956
34.957
34.958
34.959
34.96
34.961
34.962
34.963
34.964
34.965
34.966
34.967
34.968
34.969
34.97
34.971000000000004
34.972
34.973
34.974000000000004
34.975
34.976
34.977000000000004
34.978
34.979
34.980000000000004
34.981
34.982
34.983000000000004
34.984
34.985
34.986000000000004
34.987
34.988
34.989
34.99
34.991
34.992
34.993
34.994
34.995
34.996
34.997
34.998
34.999
35.0
35.001
35.002
35.003
35.004
35.005
35.006
35.007
35.008
35.009
35.01
35.011
35.012
35.013
35.014
35.015
35.016
35.017
35.018
35.019
35.02
35.021
35.022
35.023
35.024
35.025
35.026
35.027
35.028
35.029
35.03
35.031
35.032000000000004
35.033
35.034
35.035000000000004
35.036
35.037
35.038000000000004
35.039
35.04
35.041000000000004
35.042
35.043
35.044000000000004
35.045
35.046
35.047000000000004
35.048
35.049
35.050000000000004
35.051
35.052
35.053
35.054
35.055
35.056
35.057
35.058
35.059
35.06
35.061
35.062
35.063
35.064
35.065
35.066
35.067
35.068
35.069
35.07
35.071
35.072
35.073
35.074
35.075
35.076
35.077
35.078
35.079
35.08
35.081
35.082
35.083
35.084
35.085
35.086
35.087
35.088
35.089
35.09
35.091
35.092
35.093
35.094
35.095
35.096000000000004
35.097
35.098
35.099000000000004
35.1
35.101
35.102000000000004
35.103
35.104
35.105000000000004
35.106
35.107
35.108000000000004
35.109
35.11
35.111000000000004
35.112
35.113
35.114
35.115
35.116
35.117
35.118
35.119
35.12
35.121
35.122
35.123
35.124
35.125
35.126
35.127
35.128
35.129
35.13
35.131
35.132
35.133
35.134
35.135
35.136
35.137
35.138
35.139
35.14
35.141
35.142
35.143
35.144
35.145
35.146
35.147
35.148
35.149
35.15
35.151
35.152
35.153
35.154
35.155
35.156
35.157000000000004
35.158
35.159
35.160000000000004
35.161
35.162
35.163000000000004
35.164
35.165
35.166000000000004
35.167
35.168
35.169000000000004
35.17
35.171
35.172000000000004
35.173
35.174
35.175000000000004
35.176
35.177
35.178
35.179
35.18
35.181
35.182
35.183
35.184
35.185
35.186
35.187
35.188
35.189
35.19
35.191
35.192
35.193
35.194
35.195
35.196
35.197
35.198
35.199
35.2
35.201
35.202
35.203
35.204
35.205
35.206
35.207
35.208
35.209
35.21
35.211
35.212
35.213
35.214
35.215
35.216
35.217
35.218
35.219
35.22
35.221000000000004
35.222
35.223
35.224000000000004
35.225
35.226
35.227000000000004
35.228
35.229
35.230000000000004
35.231
35.232
35.233000000000004
35.234
35.235
35.236000000000004
35.237
35.238
35.239
35.24
35.241
35.242
35.243
35.244
35.245
35.246
35.247
35.248
35.249
35.25
35.251
35.252
35.253
35.254
35.255
35.256
35.257
35.258
35.259
35.26
35.261
35.262
35.263
35.264
35.265
35.266
35.267
35.268
35.269
35.27
35.271
35.272
35.273
35.274
35.275
35.276
35.277
35.278
35.279
35.28
35.281
35.282000000000004
35.283
35.284
35.285000000000004
35.286
35.287
35.288000000000004
35.289
35.29
35.291000000000004
35.292
35.293
35.294000000000004
35.295
35.296
35.297000000000004
35.298
35.299
35.300000000000004
35.301
35.302
35.303
35.304
35.305
35.306
35.307
35.308
35.309
35.31
35.311
35.312
35.313
35.314
35.315
35.316
35.317
35.318
35.319
35.32
35.321
35.322
35.323
35.324
35.325
35.326
35.327
35.328
35.329
35.33
35.331
35.332
35.333
35.334
35.335
35.336
35.337
35.338
35.339
35.34
35.341
35.342
35.343
35.344
35.345
35.346000000000004
35.347
35.348
35.349000000000004
35.35
35.351
35.352000000000004
35.353
35.354
35.355000000000004
35.356
35.357
35.358000000000004
35.359
35.36
35.361000000000004
35.362
35.363
35.364
35.365
35.366
35.367
35.368
35.369
35.37
35.371
35.372
35.373
35.374
35.375
35.376
35.377
35.378
35.379
35.38
35.381
35.382
35.383
35.384
35.385
35.386
35.387
35.388
35.389
35.39
35.391
35.392
35.393
35.394
35.395
35.396
35.397
35.398
35.399
35.4
35.401
35.402
35.403
35.404
35.405
35.406
35.407000000000004
35.408
35.409
35.410000000000004
35.411
35.412
35.413000000000004
35.414
35.415
35.416000000000004
35.417
35.418
35.419000000000004
35.42
35.421
35.422000000000004
35.423
35.424
35.425000000000004
35.426
35.427
35.428
35.429
35.43
35.431
35.432
35.433
35.434
35.435
35.436
35.437
35.438
35.439
35.44
35.441
35.442
35.443
35.444
35.445
35.446
35.447
35.448
35.449
35.45
35.451
35.452
35.453
35.454
35.455
35.456
35.457
35.458
35.459
35.46
35.461
35.462
35.463
35.464
35.465
35.466
35.467
35.468
35.469
35.47
35.471000000000004
35.472
35.473
35.474000000000004
35.475
35.476
35.477000000000004
35.478
35.479
35.480000000000004
35.481
35.482
35.483000000000004
35.484
35.485
35.486000000000004
35.487
35.488
35.489
35.49
35.491
35.492
35.493
35.494
35.495
35.496
35.497
35.498
35.499
35.5
35.501
35.502
35.503
35.504
35.505
35.506
35.507
35.508
35.509
35.51
35.511
35.512
35.513
35.514
35.515
35.516
35.517
35.518
35.519
35.52
35.521
35.522
35.523
35.524
35.525
35.526
35.527
35.528
35.529
35.53
35.531
35.532000000000004
35.533
35.534
35.535000000000004
35.536
35.537
35.538000000000004
35.539
35.54
35.541000000000004
35.542
35.543
35.544000000000004
35.545
35.546
35.547000000000004
35.548
35.549
35.550000000000004
35.551
35.552
35.553
35.554
35.555
35.556
35.557
35.558
35.559
35.56
35.561
35.562
35.563
35.564
35.565
35.566
35.567
35.568
35.569
35.57
35.571
35.572
35.573
35.574
35.575
35.576
35.577
35.578
35.579
35.58
35.581
35.582
35.583
35.584
35.585
35.586
35.587
35.588
35.589
35.59
35.591
35.592
35.593
35.594
35.595
35.596000000000004
35.597
35.598
35.599000000000004
35.6
35.601
35.602000000000004
35.603
35.604
35.605000000000004
35.606
35.607
35.608000000000004
35.609
35.61
35.611000000000004
35.612
35.613
35.614
35.615
35.616
35.617
35.618
35.619
35.62
35.621
35.622
35.623
35.624
35.625
35.626
35.627
35.628
35.629
35.63
35.631
35.632
35.633
35.634
35.635
35.636
35.637
35.638
35.639
35.64
35.641
35.642
35.643
35.644
35.645
35.646
35.647
35.648
35.649
35.65
35.651
35.652
35.653
35.654
35.655
35.656
35.657000000000004
35.658
35.659
35.660000000000004
35.661
35.662
35.663000000000004
35.664
35.665
35.666000000000004
35.667
35.668
35.669000000000004
35.67
35.671
35.672000000000004
35.673
35.674
35.675000000000004
35.676
35.677
35.678
35.679
35.68
35.681
35.682
35.683
35.684
35.685
35.686
35.687
35.688
35.689
35.69
35.691
35.692
35.693
35.694
35.695
35.696
35.697
35.698
35.699
35.7
35.701
35.702
35.703
35.704
35.705
35.706
35.707
35.708
35.709
35.71
35.711
35.712
35.713
35.714
35.715
35.716
35.717
35.718
35.719
35.72
35.721000000000004
35.722
35.723
35.724000000000004
35.725
35.726
35.727000000000004
35.728
35.729
35.730000000000004
35.731
35.732
35.733000000000004
35.734
35.735
35.736000000000004
35.737
35.738
35.739
35.74
35.741
35.742
35.743
35.744
35.745
35.746
35.747
35.748
35.749
35.75
35.751
35.752
35.753
35.754
35.755
35.756
35.757
35.758
35.759
35.76
35.761
35.762
35.763
35.764
35.765
35.766
35.767
35.768
35.769
35.77
35.771
35.772
35.773
35.774
35.775
35.776
35.777
35.778
35.779
35.78
35.781
35.782000000000004
35.783
35.784
35.785000000000004
35.786
35.787
35.788000000000004
35.789
35.79
35.791000000000004
35.792
35.793
35.794000000000004
35.795
35.796
35.797000000000004
35.798
35.799
35.800000000000004
35.801
35.802
35.803
35.804
35.805
35.806
35.807
35.808
35.809
35.81
35.811
35.812
35.813
35.814
35.815
35.816
35.817
35.818
35.819
35.82
35.821
35.822
35.823
35.824
35.825
35.826
35.827
35.828
35.829
35.83
35.831
35.832
35.833
35.834
35.835
35.836
35.837
35.838
35.839
35.84
35.841
35.842
35.843
35.844
35.845
35.846000000000004
35.847
35.848
35.849000000000004
35.85
35.851
35.852000000000004
35.853
35.854
35.855000000000004
35.856
35.857
35.858000000000004
35.859
35.86
35.861000000000004
35.862
35.863
35.864
35.865
35.866
35.867
35.868
35.869
35.87
35.871
35.872
35.873
35.874
35.875
35.876
35.877
35.878
35.879
35.88
35.881
35.882
35.883
35.884
35.885
35.886
35.887
35.888
35.889
35.89
35.891
35.892
35.893
35.894
35.895
35.896
35.897
35.898
35.899
35.9
35.901
35.902
35.903
35.904
35.905
35.906
35.907000000000004
35.908
35.909
35.910000000000004
35.911
35.912
35.913000000000004
35.914
35.915
35.916000000000004
35.917
35.918
35.919000000000004
35.92
35.921
35.922000000000004
35.923
35.924
35.925000000000004
35.926
35.927
35.928
35.929
35.93
35.931
35.932
35.933
35.934
35.935
35.936
35.937
35.938
35.939
35.94
35.941
35.942
35.943
35.944
35.945
35.946
35.947
35.948
35.949
35.95
35.951
35.952
35.953
35.954
35.955
35.956
35.957
35.958
35.959
35.96
35.961
35.962
35.963
35.964
35.965
35.966
35.967
35.968
35.969
35.97
35.971000000000004
35.972
35.973
35.974000000000004
35.975
35.976
35.977000000000004
35.978
35.979
35.980000000000004
35.981
35.982
35.983000000000004
35.984
35.985
35.986000000000004
35.987
35.988
35.989
35.99
35.991
35.992
35.993
35.994
35.995
35.996
35.997
35.998
35.999
36.0
36.001
36.002
36.003
36.004
36.005
36.006
36.007
36.008
36.009
36.01
36.011
36.012
36.013
36.014
36.015
36.016
36.017
36.018
36.019
36.02
36.021
36.022
36.023
36.024
36.025
36.026
36.027
36.028
36.029
36.03
36.031
36.032000000000004
36.033
36.034
36.035000000000004
36.036
36.037
36.038000000000004
36.039
36.04
36.041000000000004
36.042
36.043
36.044000000000004
36.045
36.046
36.047000000000004
36.048
36.049
36.050000000000004
36.051
36.052
36.053
36.054
36.055
36.056
36.057
36.058
36.059
36.06
36.061
36.062
36.063
36.064
36.065
36.066
36.067
36.068
36.069
36.07
36.071
36.072
36.073
36.074
36.075
36.076
36.077
36.078
36.079
36.08
36.081
36.082
36.083
36.084
36.085
36.086
36.087
36.088
36.089
36.09
36.091
36.092
36.093
36.094
36.095
36.096000000000004
36.097
36.098
36.099000000000004
36.1
36.101
36.102000000000004
36.103
36.104
36.105000000000004
36.106
36.107
36.108000000000004
36.109
36.11
36.111000000000004
36.112
36.113
36.114
36.115
36.116
36.117
36.118
36.119
36.12
36.121
36.122
36.123
36.124
36.125
36.126
36.127
36.128
36.129
36.13
36.131
36.132
36.133
36.134
36.135
36.136
36.137
36.138
36.139
36.14
36.141
36.142
36.143
36.144
36.145
36.146
36.147
36.148
36.149
36.15
36.151
36.152
36.153
36.154
36.155
36.156
36.157000000000004
36.158
36.159
36.160000000000004
36.161
36.162
36.163000000000004
36.164
36.165
36.166000000000004
36.167
36.168
36.169000000000004
36.17
36.171
36.172000000000004
36.173
36.174
36.175000000000004
36.176
36.177
36.178
36.179
36.18
36.181
36.182
36.183
36.184
36.185
36.186
36.187
36.188
36.189
36.19
36.191
36.192
36.193
36.194
36.195
36.196
36.197
36.198
36.199
36.2
36.201
36.202
36.203
36.204
36.205
36.206
36.207
36.208
36.209
36.21
36.211
36.212
36.213
36.214
36.215
36.216
36.217
36.218
36.219
36.22
36.221000000000004
36.222
36.223
36.224000000000004
36.225
36.226
36.227000000000004
36.228
36.229
36.230000000000004
36.231
36.232
36.233000000000004
36.234
36.235
36.236000000000004
36.237
36.238
36.239
36.24
36.241
36.242
36.243
36.244
36.245
36.246
36.247
36.248
36.249
36.25
36.251
36.252
36.253
36.254
36.255
36.256
36.257
36.258
36.259
36.26
36.261
36.262
36.263
36.264
36.265
36.266
36.267
36.268
36.269
36.27
36.271
36.272
36.273
36.274
36.275
36.276
36.277
36.278
36.279
36.28
36.281
36.282000000000004
36.283
36.284
36.285000000000004
36.286
36.287
36.288000000000004
36.289
36.29
36.291000000000004
36.292
36.293
36.294000000000004
36.295
36.296
36.297000000000004
36.298
36.299
36.300000000000004
36.301
36.302
36.303
36.304
36.305
36.306
36.307
36.308
36.309
36.31
36.311
36.312
36.313
36.314
36.315
36.316
36.317
36.318
36.319
36.32
36.321
36.322
36.323
36.324
36.325
36.326
36.327
36.328
36.329
36.33
36.331
36.332
36.333
36.334
36.335
36.336
36.337
36.338
36.339
36.34
36.341
36.342
36.343
36.344
36.345
36.346000000000004
36.347
36.348
36.349000000000004
36.35
36.351
36.352000000000004
36.353
36.354
36.355000000000004
36.356
36.357
36.358000000000004
36.359
36.36
36.361000000000004
36.362
36.363
36.364
36.365
36.366
36.367
36.368
36.369
36.37
36.371
36.372
36.373
36.374
36.375
36.376
36.377
36.378
36.379
36.38
36.381
36.382
36.383
36.384
36.385
36.386
36.387
36.388
36.389
36.39
36.391
36.392
36.393
36.394
36.395
36.396
36.397
36.398
36.399
36.4
36.401
36.402
36.403
36.404
36.405
36.406
36.407000000000004
36.408
36.409
36.410000000000004
36.411
36.412
36.413000000000004
36.414
36.415
36.416000000000004
36.417
36.418
36.419000000000004
36.42
36.421
36.422000000000004
36.423
36.424
36.425000000000004
36.426
36.427
36.428
36.429
36.43
36.431
36.432
36.433
36.434
36.435
36.436
36.437
36.438
36.439
36.44
36.441
36.442
36.443
36.444
36.445
36.446
36.447
36.448
36.449
36.45
36.451
36.452
36.453
36.454
36.455
36.456
36.457
36.458
36.459
36.46
36.461
36.462
36.463
36.464
36.465
36.466
36.467
36.468
36.469
36.47
36.471000000000004
36.472
36.473
36.474000000000004
36.475
36.476
36.477000000000004
36.478
36.479
36.480000000000004
36.481
36.482
36.483000000000004
36.484
36.485
36.486000000000004
36.487
36.488
36.489
36.49
36.491
36.492
36.493
36.494
36.495
36.496
36.497
36.498
36.499
36.5
36.501
36.502
36.503
36.504
36.505
36.506
36.507
36.508
36.509
36.51
36.511
36.512
36.513
36.514
36.515
36.516
36.517
36.518
36.519
36.52
36.521
36.522
36.523
36.524
36.525
36.526
36.527
36.528
36.529
36.53
36.531
36.532000000000004
36.533
36.534
36.535000000000004
36.536
36.537
36.538000000000004
36.539
36.54
36.541000000000004
36.542
36.543
36.544000000000004
36.545
36.546
36.547000000000004
36.548
36.549
36.550000000000004
36.551
36.552
36.553
36.554
36.555
36.556
36.557
36.558
36.559
36.56
36.561
36.562
36.563
36.564
36.565
36.566
36.567
36.568
36.569
36.57
36.571
36.572
36.573
36.574
36.575
36.576
36.577
36.578
36.579
36.58
36.581
36.582
36.583
36.584
36.585
36.586
36.587
36.588
36.589
36.59
36.591
36.592
36.593
36.594
36.595
36.596000000000004
36.597
36.598
36.599000000000004
36.6
36.601
36.602000000000004
36.603
36.604
36.605000000000004
36.606
36.607
36.608000000000004
36.609
36.61
36.611000000000004
36.612
36.613
36.614
36.615
36.616
36.617
36.618
36.619
36.62
36.621
36.622
36.623
36.624
36.625
36.626
36.627
36.628
36.629
36.63
36.631
36.632
36.633
36.634
36.635
36.636
36.637
36.638
36.639
36.64
36.641
36.642
36.643
36.644
36.645
36.646
36.647
36.648
36.649
36.65
36.651
36.652
36.653
36.654
36.655
36.656
36.657000000000004
36.658
36.659
36.660000000000004
36.661
36.662
36.663000000000004
36.664
36.665
36.666000000000004
36.667
36.668
36.669000000000004
36.67
36.671
36.672000000000004
36.673
36.674
36.675000000000004
36.676
36.677
36.678
36.679
36.68
36.681
36.682
36.683
36.684
36.685
36.686
36.687
36.688
36.689
36.69
36.691
36.692
36.693
36.694
36.695
36.696
36.697
36.698
36.699
36.7
36.701
36.702
36.703
36.704
36.705
36.706
36.707
36.708
36.709
36.71
36.711
36.712
36.713
36.714
36.715
36.716
36.717
36.718
36.719
36.72
36.721000000000004
36.722
36.723
36.724000000000004
36.725
36.726
36.727000000000004
36.728
36.729
36.730000000000004
36.731
36.732
36.733000000000004
36.734
36.735
36.736000000000004
36.737
36.738
36.739
36.74
36.741
36.742
36.743
36.744
36.745
36.746
36.747
36.748
36.749
36.75
36.751
36.752
36.753
36.754
36.755
36.756
36.757
36.758
36.759
36.76
36.761
36.762
36.763
36.764
36.765
36.766
36.767
36.768
36.769
36.77
36.771
36.772
36.773
36.774
36.775
36.776
36.777
36.778
36.779
36.78
36.781
36.782000000000004
36.783
36.784
36.785000000000004
36.786
36.787
36.788000000000004
36.789
36.79
36.791000000000004
36.792
36.793
36.794000000000004
36.795
36.796
36.797000000000004
36.798
36.799
36.800000000000004
36.801
36.802
36.803
36.804
36.805
36.806
36.807
36.808
36.809
36.81
36.811
36.812
36.813
36.814
36.815
36.816
36.817
36.818
36.819
36.82
36.821
36.822
36.823
36.824
36.825
36.826
36.827
36.828
36.829
36.83
36.831
36.832
36.833
36.834
36.835
36.836
36.837
36.838
36.839
36.84
36.841
36.842
36.843
36.844
36.845
36.846000000000004
36.847
36.848
36.849000000000004
36.85
36.851
36.852000000000004
36.853
36.854
36.855000000000004
36.856
36.857
36.858000000000004
36.859
36.86
36.861000000000004
36.862
36.863
36.864000000000004
36.865
36.866
36.867
36.868
36.869
36.87
36.871
36.872
36.873
36.874
36.875
36.876
36.877
36.878
36.879
36.88
36.881
36.882
36.883
36.884
36.885
36.886
36.887
36.888
36.889
36.89
36.891
36.892
36.893
36.894
36.895
36.896
36.897
36.898
36.899
36.9
36.901
36.902
36.903
36.904
36.905
36.906
36.907000000000004
36.908
36.909
36.910000000000004
36.911
36.912
36.913000000000004
36.914
36.915
36.916000000000004
36.917
36.918
36.919000000000004
36.92
36.921
36.922000000000004
36.923
36.924
36.925000000000004
36.926
36.927
36.928
36.929
36.93
36.931
36.932
36.933
36.934
36.935
36.936
36.937
36.938
36.939
36.94
36.941
36.942
36.943
36.944
36.945
36.946
36.947
36.948
36.949
36.95
36.951
36.952
36.953
36.954
36.955
36.956
36.957
36.958
36.959
36.96
36.961
36.962
36.963
36.964
36.965
36.966
36.967
36.968
36.969
36.97
36.971000000000004
36.972
36.973
36.974000000000004
36.975
36.976
36.977000000000004
36.978
36.979
36.980000000000004
36.981
36.982
36.983000000000004
36.984
36.985
36.986000000000004
36.987
36.988
36.989000000000004
36.99
36.991
36.992
36.993
36.994
36.995
36.996
36.997
36.998
36.999
37.0
37.001
37.002
37.003
37.004
37.005
37.006
37.007
37.008
37.009
37.01
37.011
37.012
37.013
37.014
37.015
37.016
37.017
37.018
37.019
37.02
37.021
37.022
37.023
37.024
37.025
37.026
37.027
37.028
37.029
37.03
37.031
37.032000000000004
37.033
37.034
37.035000000000004
37.036
37.037
37.038000000000004
37.039
37.04
37.041000000000004
37.042
37.043
37.044000000000004
37.045
37.046
37.047000000000004
37.048
37.049
37.050000000000004
37.051
37.052
37.053
37.054
37.055
37.056
37.057
37.058
37.059
37.06
37.061
37.062
37.063
37.064
37.065
37.066
37.067
37.068
37.069
37.07
37.071
37.072
37.073
37.074
37.075
37.076
37.077
37.078
37.079
37.08
37.081
37.082
37.083
37.084
37.085
37.086
37.087
37.088
37.089
37.09
37.091
37.092
37.093
37.094
37.095
37.096000000000004
37.097
37.098
37.099000000000004
37.1
37.101
37.102000000000004
37.103
37.104
37.105000000000004
37.106
37.107
37.108000000000004
37.109
37.11
37.111000000000004
37.112
37.113
37.114000000000004
37.115
37.116
37.117
37.118
37.119
37.12
37.121
37.122
37.123
37.124
37.125
37.126
37.127
37.128
37.129
37.13
37.131
37.132
37.133
37.134
37.135
37.136
37.137
37.138
37.139
37.14
37.141
37.142
37.143
37.144
37.145
37.146
37.147
37.148
37.149
37.15
37.151
37.152
37.153
37.154
37.155
37.156
37.157000000000004
37.158
37.159
37.160000000000004
37.161
37.162
37.163000000000004
37.164
37.165
37.166000000000004
37.167
37.168
37.169000000000004
37.17
37.171
37.172000000000004
37.173
37.174
37.175000000000004
37.176
37.177
37.178
37.179
37.18
37.181
37.182
37.183
37.184
37.185
37.186
37.187
37.188
37.189
37.19
37.191
37.192
37.193
37.194
37.195
37.196
37.197
37.198
37.199
37.2
37.201
37.202
37.203
37.204
37.205
37.206
37.207
37.208
37.209
37.21
37.211
37.212
37.213
37.214
37.215
37.216
37.217
37.218
37.219
37.22
37.221000000000004
37.222
37.223
37.224000000000004
37.225
37.226
37.227000000000004
37.228
37.229
37.230000000000004
37.231
37.232
37.233000000000004
37.234
37.235
37.236000000000004
37.237
37.238
37.239000000000004
37.24
37.241
37.242
37.243
37.244
37.245
37.246
37.247
37.248
37.249
37.25
37.251
37.252
37.253
37.254
37.255
37.256
37.257
37.258
37.259
37.26
37.261
37.262
37.263
37.264
37.265
37.266
37.267
37.268
37.269
37.27
37.271
37.272
37.273
37.274
37.275
37.276
37.277
37.278
37.279
37.28
37.281
37.282000000000004
37.283
37.284
37.285000000000004
37.286
37.287
37.288000000000004
37.289
37.29
37.291000000000004
37.292
37.293
37.294000000000004
37.295
37.296
37.297000000000004
37.298
37.299
37.300000000000004
37.301
37.302
37.303
37.304
37.305
37.306
37.307
37.308
37.309
37.31
37.311
37.312
37.313
37.314
37.315
37.316
37.317
37.318
37.319
37.32
37.321
37.322
37.323
37.324
37.325
37.326
37.327
37.328
37.329
37.33
37.331
37.332
37.333
37.334
37.335
37.336
37.337
37.338
37.339
37.34
37.341
37.342
37.343
37.344
37.345
37.346000000000004
37.347
37.348
37.349000000000004
37.35
37.351
37.352000000000004
37.353
37.354
37.355000000000004
37.356
37.357
37.358000000000004
37.359
37.36
37.361000000000004
37.362
37.363
37.364000000000004
37.365
37.366
37.367
37.368
37.369
37.37
37.371
37.372
37.373
37.374
37.375
37.376
37.377
37.378
37.379
37.38
37.381
37.382
37.383
37.384
37.385
37.386
37.387
37.388
37.389
37.39
37.391
37.392
37.393
37.394
37.395
37.396
37.397
37.398
37.399
37.4
37.401
37.402
37.403
37.404
37.405
37.406
37.407000000000004
37.408
37.409
37.410000000000004
37.411
37.412
37.413000000000004
37.414
37.415
37.416000000000004
37.417
37.418
37.419000000000004
37.42
37.421
37.422000000000004
37.423
37.424
37.425000000000004
37.426
37.427
37.428
37.429
37.43
37.431
37.432
37.433
37.434
37.435
37.436
37.437
37.438
37.439
37.44
37.441
37.442
37.443
37.444
37.445
37.446
37.447
37.448
37.449
37.45
37.451
37.452
37.453
37.454
37.455
37.456
37.457
37.458
37.459
37.46
37.461
37.462
37.463
37.464
37.465
37.466
37.467
37.468
37.469
37.47
37.471000000000004
37.472
37.473
37.474000000000004
37.475
37.476
37.477000000000004
37.478
37.479
37.480000000000004
37.481
37.482
37.483000000000004
37.484
37.485
37.486000000000004
37.487
37.488
37.489000000000004
37.49
37.491
37.492
37.493
37.494
37.495
37.496
37.497
37.498
37.499
37.5
37.501
37.502
37.503
37.504
37.505
37.506
37.507
37.508
37.509
37.51
37.511
37.512
37.513
37.514
37.515
37.516
37.517
37.518
37.519
37.52
37.521
37.522
37.523
37.524
37.525
37.526
37.527
37.528
37.529
37.53
37.531
37.532000000000004
37.533
37.534
37.535000000000004
37.536
37.537
37.538000000000004
37.539
37.54
37.541000000000004
37.542
37.543
37.544000000000004
37.545
37.546
37.547000000000004
37.548
37.549
37.550000000000004
37.551
37.552
37.553
37.554
37.555
37.556
37.557
37.558
37.559
37.56
37.561
37.562
37.563
37.564
37.565
37.566
37.567
37.568
37.569
37.57
37.571
37.572
37.573
37.574
37.575
37.576
37.577
37.578
37.579
37.58
37.581
37.582
37.583
37.584
37.585
37.586
37.587
37.588
37.589
37.59
37.591
37.592
37.593
37.594
37.595
37.596000000000004
37.597
37.598
37.599000000000004
37.6
37.601
37.602000000000004
37.603
37.604
37.605000000000004
37.606
37.607
37.608000000000004
37.609
37.61
37.611000000000004
37.612
37.613
37.614000000000004
37.615
37.616
37.617
37.618
37.619
37.62
37.621
37.622
37.623
37.624
37.625
37.626
37.627
37.628
37.629
37.63
37.631
37.632
37.633
37.634
37.635
37.636
37.637
37.638
37.639
37.64
37.641
37.642
37.643
37.644
37.645
37.646
37.647
37.648
37.649
37.65
37.651
37.652
37.653
37.654
37.655
37.656
37.657000000000004
37.658
37.659
37.660000000000004
37.661
37.662
37.663000000000004
37.664
37.665
37.666000000000004
37.667
37.668
37.669000000000004
37.67
37.671
37.672000000000004
37.673
37.674
37.675000000000004
37.676
37.677
37.678
37.679
37.68
37.681
37.682
37.683
37.684
37.685
37.686
37.687
37.688
37.689
37.69
37.691
37.692
37.693
37.694
37.695
37.696
37.697
37.698
37.699
37.7
37.701
37.702
37.703
37.704
37.705
37.706
37.707
37.708
37.709
37.71
37.711
37.712
37.713
37.714
37.715
37.716
37.717
37.718
37.719
37.72
37.721000000000004
37.722
37.723
37.724000000000004
37.725
37.726
37.727000000000004
37.728
37.729
37.730000000000004
37.731
37.732
37.733000000000004
37.734
37.735
37.736000000000004
37.737
37.738
37.739000000000004
37.74
37.741
37.742
37.743
37.744
37.745
37.746
37.747
37.748
37.749
37.75
37.751
37.752
37.753
37.754
37.755
37.756
37.757
37.758
37.759
37.76
37.761
37.762
37.763
37.764
37.765
37.766
37.767
37.768
37.769
37.77
37.771
37.772
37.773
37.774
37.775
37.776
37.777
37.778
37.779
37.78
37.781
37.782000000000004
37.783
37.784
37.785000000000004
37.786
37.787
37.788000000000004
37.789
37.79
37.791000000000004
37.792
37.793
37.794000000000004
37.795
37.796
37.797000000000004
37.798
37.799
37.800000000000004
37.801
37.802
37.803
37.804
37.805
37.806
37.807
37.808
37.809
37.81
37.811
37.812
37.813
37.814
37.815
37.816
37.817
37.818
37.819
37.82
37.821
37.822
37.823
37.824
37.825
37.826
37.827
37.828
37.829
37.83
37.831
37.832
37.833
37.834
37.835
37.836
37.837
37.838
37.839
37.84
37.841
37.842
37.843
37.844
37.845
37.846000000000004
37.847
37.848
37.849000000000004
37.85
37.851
37.852000000000004
37.853
37.854
37.855000000000004
37.856
37.857
37.858000000000004
37.859
37.86
37.861000000000004
37.862
37.863
37.864000000000004
37.865
37.866
37.867
37.868
37.869
37.87
37.871
37.872
37.873
37.874
37.875
37.876
37.877
37.878
37.879
37.88
37.881
37.882
37.883
37.884
37.885
37.886
37.887
37.888
37.889
37.89
37.891
37.892
37.893
37.894
37.895
37.896
37.897
37.898
37.899
37.9
37.901
37.902
37.903
37.904
37.905
37.906
37.907000000000004
37.908
37.909
37.910000000000004
37.911
37.912
37.913000000000004
37.914
37.915
37.916000000000004
37.917
37.918
37.919000000000004
37.92
37.921
37.922000000000004
37.923
37.924
37.925000000000004
37.926
37.927
37.928
37.929
37.93
37.931
37.932
37.933
37.934
37.935
37.936
37.937
37.938
37.939
37.94
37.941
37.942
37.943
37.944
37.945
37.946
37.947
37.948
37.949
37.95
37.951
37.952
37.953
37.954
37.955
37.956
37.957
37.958
37.959
37.96
37.961
37.962
37.963
37.964
37.965
37.966
37.967
37.968
37.969
37.97
37.971000000000004
37.972
37.973
37.974000000000004
37.975
37.976
37.977000000000004
37.978
37.979
37.980000000000004
37.981
37.982
37.983000000000004
37.984
37.985
37.986000000000004
37.987
37.988
37.989000000000004
37.99
37.991
37.992
37.993
37.994
37.995
37.996
37.997
37.998
37.999
