-3.875
-3.875
-3.875
-3.875
-3.875
-3.875
-3.875
-3.875
-3.875
-3.875
-3.875
-3.875
-3.875
-3.875
-3.875
-3.875
-3.875
-3.875
-3.875
-3.875
-3.875
-3.875
-3.875
-3.875
-3.875
-3.875
-3.875
-3.875
-3.875
-3.875
-3.875
-3.875
-3.875
-3.875
-3.875
-3.875
-3.875
-3.875
-3.875
-3.875
-3.875
-3.875
-3.875
-3.875
-3.875
-3.875
-3.875
-3.875
-3.875
-3.875
-3.875
-3.875
-3.875
-3.875
-3.875
-3.875
-3.875
-3.875
-3.875
-3.875
-3.875
-3.875
-3.875
-3.875
-3.875
-3.875
-3.875
-3.875
-3.875
-3.875
-3.875
-3.875
-3.875
-3.875
-3.875
-3.875
-3.875
-3.875
-3.875
-3.875
-3.875
-3.875
-3.875
-3.875
-3.875
-3.875
-3.875
-3.875
-3.875
-3.875
-3.875
-3.875
-3.875
-3.875
-3.875
-3.875
-3.875
-3.875
-3.875
-3.875
-3.875
-3.875
-3.875
-3.875
-3.875
-3.875
-3.875
-3.875
-3.875
-3.875
-3.875
-3.875
-3.875
-3.875
-3.875
-3.875
-3.875
-3.875
-3.875
-3.875
-3.875
-3.875
-3.875
-3.875
-3.875
-3.875
-3.875
-3.875
-3.875
-3.875
-3.875
-3.875
-3.875
-3.875
-3.875
-3.875
-3.875
-3.875
-3.875
-3.875
-3.875
-3.875
-3.875
-3.875
-3.875
-3.875
-3.875
-3.875
-3.875
-3.875
-3.875
-3.875
-3.875
-3.875
-3.875
-3.875
-3.875
-3.875
-3.875
-3.875
-3.875
-3.875
-3.875
-3.875
-3.875
-3.875
-3.875
-3.875
-3.875
-3.875
-3.875
-3.875
-3.875
-3.875
-3.875
-3.875
-3.875
-3.875
-3.875
-3.875
-3.875
-3.875
-3.875
-3.875
-3.875
-3.875
-3.875
-3.875
-3.875
-3.875
-3.875
-3.875
-3.875
-3.875
-3.875
-3.875
-3.875
-3.875
-3.875
-3.875
-3.875
-3.875
-3.875
-3.875
-3.875
-3.875
-3.875
-3.875
-3.875
-3.875
-3.875
-3.875
-3.875
-3.875
-3.875
-3.875
-3.875
-3.875
-3.875
-3.875
-3.875
-3.875
-3.875
-3.875
-3.875
-3.875
-3.875
-3.875
-3.875
-3.875
-3.875
-3.875
-3.875
-3.875
-3.875
-3.875
-3.875
-3.875
-3.875
-3.875
-3.875
-3.875
-3.875
-3.875
-3.875
-3.875
-3.875
-3.875
-3.875
-3.875
-3.875
-3.875
-3.875
-3.875
-3.875
-3.875
-3.875
-3.875
-3.875
-3.875
-3.875
-3.875
-3.875
-3.875
-3.875
-3.875
-3.875
-3.875
-3.875
-3.875
-3.875
-3.875
-3.875
-3.875
-3.875
-3.875
-3.875
-3.875
-3.875
-3.875
-3.875
-3.875
-3.875
-3.875
-3.875
-3.875
-3.875
-3.875
-3.875
-3.875
-3.875
-3.875
-3.875
-3.875
-3.875
-3.875
-3.875
-3.875
-3.875
-3.875
-3.875
-3.875
-3.875
-3.875
-3.875
-3.875
-3.875
-3.875
-3.875
-3.875
-3.875
-3.875
-3.875
-3.875
-3.875
-3.875
-3.875
-3.875
-3.875
-3.875
-3.875
-3.875
-3.875
-3.875
-3.875
-3.875
-3.875
-3.875
-3.875
-3.875
-3.875
-3.875
-3.875
-3.875
-3.875
-3.875
-3.875
-3.875
-3.875
-3.875
-3.875
-3.875
-3.875
-3.875
-3.875
-3.875
-3.875
-3.875
-3.875
-3.875
-3.875
-3.875
-3.875
-3.875
-3.875
-3.875
-3.875
-3.875
-3.875
-3.875
-3.875
-3.875
-3.875
-3.875
-3.875
-3.875
-3.875
-3.875
-3.875
-3.875
-3.875
-3.875
-3.875
-3.875
-3.875
-3.875
-3.875
-3.875
-3.875
-3.875
-3.875
-3.875
-3.875
-3.875
-3.875
-3.875
-3.875
-3.875
-3.875
-3.875
-3.875
-3.875
-3.875
-3.875
-3.875
-3.875
-3.875
-3.875
-3.875
-3.875
-3.875
-3.875
-3.875
-3.875
-3.875
-3.875
-3.875
-3.875
-3.875
-3.875
-3.875
-3.875
-3.875
-3.875
-3.875
-3.875
-3.875
-3.875
-3.875
-3.875
-3.875
-3.875
-3.875
-3.875
-3.875
-3.875
-3.875
-3.875
-3.875
-3.875
-3.875
-3.875
-3.875
-3.875
-3.875
-3.875
-3.875
-3.875
-3.875
-3.875
-3.875
-3.875
-3.875
-3.875
-3.875
-3.875
-3.875
-3.875
-3.875
-3.875
-3.875
-3.875
-3.875
-3.875
-3.875
-3.875
-3.875
-3.875
-3.875
-3.875
-3.875
-3.875
-3.875
-3.875
-3.875
-3.875
-3.875
-3.875
-3.875
-3.875
-3.875
-3.875
-3.875
-3.875
-3.875
-3.875
-3.875
-3.875
-3.875
-3.875
-3.875
-3.875
-3.875
-3.875
-3.875
-3.875
-3.875
-3.875
-3.875
-3.875
-3.875
-3.875
-3.875
-3.875
-3.875
-3.875
-3.875
-3.875
-3.875
-3.875
-3.875
-3.875
-3.875
-3.875
-3.875
-3.875
-3.875
-3.875
-3.875
-3.875
-3.875
-3.875
-3.875
-3.875
-3.875
-3.875
-3.875
-3.875
-3.875
-3.875
-3.875
-3.875
-3.875
-3.875
-3.875
-3.875
-3.875
-3.78125
-3.6875
-3.625
-3.53125
-3.46875
-3.40625
-3.34375
-3.28125
-3.21875
-3.15625
-3.09375
-3.0
-2.9375
-2.875
-2.8125
-2.71875
-2.625
-2.53125
-2.4375
-2.3125
-2.1875
-2.0
-1.84375
-1.59375
-1.34375
-1.0
-0.5625
0.03125
0.875
2.0
3.40625
4.875
6.0
6.53125
6.40625
5.8125
5.03125
4.15625
3.3125
2.46875
1.6875
0.9375
0.15625
-0.6875
-1.6875
-2.75
-3.84375
-4.8125
-5.5625
-6.03125
-6.28125
-6.375
-6.34375
-6.25
-6.15625
-6.03125
-5.90625
-5.75
-5.625
-5.53125
-5.40625
-5.3125
-5.1875
-5.09375
-5.0
-4.90625
-4.84375
-4.75
-4.6875
-4.59375
-4.53125
-4.46875
-4.40625
-4.34375
-4.28125
-4.21875
-4.1875
-4.125
-4.0625
-4.03125
-3.96875
-3.9375
-3.90625
-3.84375
-3.8125
-3.78125
-3.71875
-3.6875
-3.65625
-3.59375
-3.5625
-3.53125
-3.46875
-3.4375
-3.40625
-3.375
-3.3125
-3.28125
-3.21875
-3.1875
-3.125
-3.09375
-3.03125
-2.96875
-2.90625
-2.84375
-2.78125
-2.71875
-2.625
-2.53125
-2.4375
-2.3125
-2.1875
-2.03125
-1.84375
-1.625
-1.34375
-1.0
-0.59375
0.0
0.8125
1.9375
3.3125
4.78125
5.9375
6.5
6.40625
5.875
5.09375
4.21875
3.34375
2.53125
1.75
0.96875
0.21875
-0.625
-1.625
-2.6875
-3.78125
-4.78125
-5.53125
-6.03125
-6.28125
-6.375
-6.34375
-6.25
-6.15625
-6.03125
-5.90625
-5.78125
-5.65625
-5.53125
-5.40625
-5.3125
-5.1875
-5.09375
-5.0
-4.90625
-4.84375
-4.75
-4.6875
-4.59375
-4.53125
-4.46875
-4.40625
-4.34375
-4.28125
-4.21875
-4.1875
-4.125
-4.0625
-4.03125
-3.96875
-3.9375
-3.90625
-3.84375
-3.8125
-3.78125
-3.71875
-3.6875
-3.65625
-3.59375
-3.5625
-3.53125
-3.46875
-3.4375
-3.40625
-3.375
-3.3125
-3.28125
-3.21875
-3.1875
-3.125
-3.09375
-3.03125
-2.96875
-2.90625
-2.84375
-2.78125
-2.71875
-2.625
-2.53125
-2.4375
-2.3125
-2.1875
-2.03125
-1.84375
-1.625
-1.34375
-1.0
-0.59375
0.0
0.8125
1.9375
3.3125
4.78125
5.9375
6.5
6.40625
5.875
5.09375
4.21875
3.34375
2.53125
1.75
0.96875
0.21875
-0.625
-1.625
-2.6875
-3.78125
-4.78125
-5.53125
-6.03125
-6.28125
-6.375
-6.34375
-6.25
-6.15625
-6.03125
-5.90625
-5.78125
-5.65625
-5.53125
-5.40625
-5.3125
-5.1875
-5.09375
-5.0
-4.90625
-4.84375
-4.75
-4.6875
-4.59375
-4.53125
-4.46875
-4.40625
-4.34375
-4.28125
-4.21875
-4.1875
-4.125
-4.0625
-4.03125
-3.96875
-3.9375
-3.90625
-3.84375
-3.8125
-3.78125
-3.71875
-3.6875
-3.65625
-3.59375
-3.5625
-3.53125
-3.46875
-3.4375
-3.40625
-3.375
-3.3125
-3.28125
-3.21875
-3.1875
-3.125
-3.09375
-3.03125
-2.96875
-2.90625
-2.84375
-2.78125
-2.71875
-2.625
-2.53125
-2.4375
-2.3125
-2.1875
-2.03125
-1.84375
-1.625
-1.34375
-1.0
-0.59375
0.0
0.8125
1.9375
3.3125
4.78125
5.9375
6.5
6.40625
5.875
5.09375
4.21875
3.34375
2.53125
1.75
0.96875
0.21875
-0.625
-1.625
-2.6875
-3.78125
-4.78125
-5.53125
-6.03125
-6.28125
-6.375
-6.34375
-6.25
-6.15625
-6.03125
-5.90625
-5.78125
-5.65625
-5.53125
-5.40625
-5.3125
-5.1875
-5.09375
-5.0
-4.90625
-4.84375
-4.75
-4.6875
-4.59375
-4.53125
-4.46875
-4.40625
-4.34375
-4.28125
-4.21875
-4.1875
-4.125
-4.0625
-4.03125
-3.96875
-3.9375
-3.90625
-3.84375
-3.8125
-3.78125
-3.71875
-3.6875
-3.65625
-3.59375
-3.5625
-3.53125
-3.46875
-3.4375
-3.40625
-3.375
-3.3125
-3.28125
-3.21875
-3.1875
-3.125
-3.09375
-3.03125
-2.96875
-2.90625
-2.84375
-2.78125
-2.71875
-2.625
-2.53125
-2.4375
-2.3125
-2.1875
-2.03125
-1.84375
-1.625
-1.34375
-1.0
-0.59375
0.0
0.8125
1.9375
3.3125
4.78125
5.9375
6.5
6.40625
5.875
5.09375
4.21875
3.34375
2.53125
1.75
0.96875
0.21875
-0.625
-1.625
-2.6875
-3.78125
-4.78125
-5.53125
-6.03125
-6.28125
-6.375
-6.34375
-6.25
-6.15625
-6.03125
-5.90625
-5.78125
-5.65625
-5.53125
-5.40625
-5.3125
-5.1875
-5.09375
-5.0
-4.90625
-4.84375
-4.75
-4.6875
-4.59375
-4.53125
-4.46875
-4.40625
-4.34375
-4.28125
-4.21875
-4.1875
-4.125
-4.0625
-4.03125
-3.96875
-3.9375
-3.90625
-3.84375
-3.8125
-3.78125
-3.71875
-3.6875
-3.65625
-3.59375
-3.5625
-3.53125
-3.46875
-3.4375
-3.40625
-3.375
-3.3125
-3.28125
-3.21875
-3.1875
-3.125
-3.09375
-3.03125
-2.96875
-2.90625
-2.84375
-2.78125
-2.71875
-2.625
-2.53125
-2.4375
-2.3125
-2.1875
-2.03125
-1.84375
-1.625
-1.34375
-1.0
-0.59375
0.0
0.8125
1.9375
3.3125
4.78125
5.9375
6.5
6.40625
5.875
5.09375
4.21875
3.34375
2.53125
1.75
0.96875
0.21875
-0.625
-1.625
-2.6875
-3.78125
-4.78125
-5.53125
-6.03125
-6.28125
-6.375
-6.34375
-6.25
-6.15625
-6.03125
-5.90625
-5.78125
-5.65625
-5.53125
-5.40625
-5.3125
-5.1875
-5.09375
-5.0
-4.90625
-4.84375
-4.75
-4.6875
-4.59375
-4.53125
-4.46875
-4.40625
-4.34375
-4.28125
-4.21875
-4.1875
-4.125
-4.0625
-4.03125
-3.96875
-3.9375
-3.90625
-3.84375
-3.8125
-3.78125
-3.71875
-3.6875
-3.65625
-3.59375
-3.5625
-3.53125
-3.46875
-3.4375
-3.40625
-3.375
-3.3125
-3.28125
-3.21875
-3.1875
-3.125
-3.09375
-3.03125
-2.96875
-2.90625
-2.84375
-2.78125
-2.71875
-2.625
-2.53125
-2.4375
-2.3125
-2.1875
-2.03125
-1.84375
-1.625
-1.34375
-1.0
-0.59375
0.0
0.8125
1.9375
3.3125
4.78125
5.9375
6.5
6.40625
5.875
5.09375
4.21875
3.34375
2.53125
1.75
0.96875
0.21875
-0.625
-1.625
-2.6875
-3.78125
-4.78125
-5.53125
-6.03125
-6.28125
-6.375
-6.34375
-6.25
-6.15625
-6.03125
-5.90625
-5.78125
-5.65625
-5.53125
-5.40625
-5.3125
-5.1875
-5.09375
-5.0
-4.90625
-4.84375
-4.75
-4.6875
-4.59375
-4.53125
-4.46875
-4.40625
-4.34375
-4.28125
-4.21875
-4.1875
-4.125
-4.0625
-4.03125
-3.96875
-3.9375
-3.90625
-3.84375
-3.8125
-3.78125
-3.71875
-3.6875
-3.65625
-3.59375
-3.5625
-3.53125
-3.46875
-3.4375
-3.40625
-3.375
-3.3125
-3.28125
-3.21875
-3.1875
-3.125
-3.09375
-3.03125
-2.96875
-2.90625
-2.84375
-2.78125
-2.71875
-2.625
-2.53125
-2.4375
-2.3125
-2.1875
-2.03125
-1.84375
-1.625
-1.34375
-1.0
-0.59375
0.0
0.8125
1.9375
3.3125
4.78125
5.9375
6.5
6.40625
5.875
5.09375
4.21875
3.34375
2.53125
1.75
0.96875
0.21875
-0.625
-1.625
-2.6875
-3.78125
-4.78125
-5.53125
-6.03125
-6.28125
-6.375
-6.34375
-6.25
-6.15625
-6.03125
-5.90625
-5.78125
-5.65625
-5.53125
-5.40625
-5.3125
-5.1875
-5.09375
-5.0
-4.90625
-4.84375
-4.75
-4.6875
-4.59375
-4.53125
-4.46875
-4.40625
-4.34375
-4.28125
-4.21875
-4.1875
-4.125
-4.0625
-4.03125
-3.96875
-3.9375
-3.90625
-3.84375
-3.8125
-3.78125
-3.71875
-3.6875
-3.65625
-3.59375
-3.5625
-3.53125
-3.46875
-3.4375
-3.40625
-3.375
-3.3125
-3.28125
-3.21875
-3.1875
-3.125
-3.09375
-3.03125
-2.96875
-2.90625
-2.84375
-2.78125
-2.71875
-2.625
-2.53125
-2.4375
-2.3125
-2.1875
-2.03125
-1.84375
-1.625
-1.34375
-1.0
-0.59375
0.0
0.8125
1.9375
3.3125
4.78125
5.9375
6.5
6.40625
5.875
5.09375
4.21875
3.34375
2.53125
1.75
0.96875
0.21875
-0.625
-1.625
-2.6875
-3.78125
-4.78125
-5.53125
-6.03125
-6.28125
-6.375
-6.34375
-6.25
-6.15625
-6.03125
-5.90625
-5.78125
-5.65625
-5.53125
-5.40625
-5.3125
-5.1875
-5.09375
-5.0
-4.90625
-4.84375
-4.75
-4.6875
-4.59375
-4.53125
-4.46875
-4.40625
-4.34375
-4.28125
-4.21875
-4.1875
-4.125
-4.0625
-4.03125
-3.96875
-3.9375
-3.90625
-3.84375
-3.8125
-3.78125
-3.71875
-3.6875
-3.65625
-3.59375
-3.5625
-3.53125
-3.46875
-3.4375
-3.40625
-3.375
-3.3125
-3.28125
-3.21875
-3.1875
-3.125
-3.09375
-3.03125
-2.96875
-2.90625
-2.84375
-2.78125
-2.71875
-2.625
-2.53125
-2.4375
-2.3125
-2.1875
-2.03125
-1.84375
-1.625
-1.34375
-1.0
-0.59375
0.0
0.8125
1.9375
3.3125
4.78125
5.9375
6.5
6.40625
5.875
5.09375
4.21875
3.34375
2.53125
1.75
0.96875
0.21875
-0.625
-1.625
-2.6875
-3.78125
-4.78125
-5.53125
-6.03125
-6.28125
-6.375
-6.34375
-6.25
-6.15625
-6.03125
-5.90625
-5.78125
-5.65625
-5.53125
-5.40625
-5.3125
-5.1875
-5.09375
-5.0
-4.90625
-4.84375
-4.75
-4.6875
-4.59375
-4.53125
-4.46875
-4.40625
-4.34375
-4.28125
-4.21875
-4.1875
-4.125
-4.0625
-4.03125
-3.96875
-3.9375
-3.90625
-3.84375
-3.8125
-3.78125
-3.71875
-3.6875
-3.65625
-3.59375
-3.5625
-3.53125
-3.46875
-3.4375
-3.40625
-3.375
-3.3125
-3.28125
-3.21875
-3.1875
-3.125
-3.09375
-3.03125
-2.96875
-2.90625
-2.84375
-2.78125
-2.71875
-2.625
-2.53125
-2.4375
-2.3125
-2.1875
-2.03125
-1.84375
-1.625
-1.34375
-1.0
-0.59375
0.0
0.8125
1.9375
3.3125
4.78125
5.9375
6.5
6.40625
5.875
5.09375
4.21875
3.34375
2.53125
1.75
0.96875
0.21875
-0.625
-1.625
-2.6875
-3.78125
-4.78125
-5.53125
-6.03125
-6.28125
-6.375
-6.34375
-6.25
-6.15625
-6.03125
-5.90625
-5.78125
-5.65625
-5.53125
-5.40625
-5.3125
-5.1875
-5.09375
-5.0
-4.90625
-4.84375
-4.75
-4.6875
-4.59375
-4.53125
-4.46875
-4.40625
-4.34375
-4.28125
-4.21875
-4.1875
-4.125
-4.0625
-4.03125
-4.09375
-4.125
-4.15625
-4.1875
-4.1875
-4.21875
-4.21875
-4.21875
-4.21875
-4.21875
-4.1875
-4.1875
-4.1875
-4.1875
-4.15625
-4.15625
-4.15625
-4.125
-4.125
-4.125
-4.09375
-4.09375
-4.09375
-4.0625
-4.0625
-4.0625
-4.03125
-4.03125
-4.03125
-4.03125
-4.0
-4.0
-4.0
-4.0
-3.96875
-3.96875
-3.96875
-3.96875
-3.96875
-3.96875
-3.9375
-3.9375
-3.9375
-3.9375
-3.9375
-3.9375
-3.9375
-3.9375
-3.9375
-3.90625
-3.90625
-3.90625
-3.90625
-3.90625
-3.90625
-3.90625
-3.90625
-3.90625
-3.90625
-3.90625
-3.90625
-3.90625
-3.90625
-3.875
-3.875
-3.875
-3.875
-3.875
-3.875
-3.875
-3.875
-3.875
-3.875
-3.875
-3.875
-3.875
-3.875
-3.875
-3.875
-3.875
-3.875
-3.875
-3.875
-3.875
-3.875
-3.875
-3.875
-3.875
-3.875
-3.875
-3.875
-3.875
-3.875
-3.875
-3.875
-3.875
-3.875
-3.875
-3.875
-3.875
-3.875
-3.875
-3.875
-3.875
-3.875
-3.875
-3.875
-3.875
-3.875
-3.875
-3.875
-3.875
-3.875
-3.875
-3.875
-3.875
-3.875
-3.875
-3.875
-3.875
-3.875
-3.875
-3.875
-3.875
-3.875
-3.875
-3.875
-3.875
-3.875
-3.875
-3.875
-3.875
-3.875
-3.875
-3.875
-3.875
-3.875
-3.875
-3.875
-3.875
-3.875
-3.875
-3.875
-3.875
-3.875
-3.875
-3.875
-3.875
-3.875
-3.875
-3.875
-3.875
-3.875
-3.875
-3.875
-3.875
-3.875
-3.875
-3.875
-3.875
-3.875
-3.875
-3.875
-3.875
-3.875
-3.875
-3.875
-3.875
-3.875
-3.875
-3.875
-3.875
-3.875
-3.875
-3.875
-3.875
-3.875
-3.875
-3.875
-3.875
-3.875
-3.875
-3.875
-3.875
-3.875
-3.875
-3.875
-3.875
-3.875
-3.875
-3.875
-3.875
-3.875
-3.875
-3.875
-3.875
-3.875
-3.875
-3.875
-3.875
-3.875
-3.875
-3.875
-3.875
-3.875
-3.875
-3.875
-3.875
-3.875
-3.875
-3.875
-3.875
-3.875
-3.875
-3.875
-3.875
-3.875
-3.875
-3.875
-3.875
-3.875
-3.875
-3.875
-3.875
-3.875
-3.875
-3.875
-3.875
-3.875
-3.875
-3.875
-3.875
-3.875
-3.875
-3.875
-3.875
-3.875
-3.875
-3.875
-3.875
-3.875
-3.875
-3.875
-3.875
-3.875
-3.875
-3.875
-3.875
-3.875
-3.875
-3.875
-3.875
-3.875
-3.875
-3.875
-3.875
-3.875
-3.875
-3.875
-3.875
-3.875
-3.875
-3.875
-3.875
-3.875
-3.875
-3.875
-3.875
-3.875
-3.875
-3.875
-3.875
-3.875
-3.875
-3.875
-3.875
-3.875
-3.875
-3.875
-3.875
-3.875
-3.875
-3.875
-3.875
-3.875
-3.875
-3.875
-3.875
-3.875
-3.875
-3.875
-3.875
-3.875
-3.875
-3.875
-3.875
-3.875
-3.875
-3.875
-3.875
-3.875
-3.875
-3.875
-3.875
-3.875
-3.875
-3.875
-3.875
-3.875
-3.875
-3.875
-3.875
-3.875
-3.875
-3.875
-3.875
-3.875
-3.875
-3.875
-3.875
-3.875
-3.875
-3.875
-3.875
-3.875
-3.875
-3.875
-3.875
-3.875
-3.875
-3.875
-3.875
-3.875
-3.875
-3.875
-3.875
-3.875
-3.875
-3.875
-3.875
-3.875
-3.875
-3.875
-3.875
-3.875
-3.875
-3.875
-3.875
-3.875
-3.875
-3.875
-3.875
-3.875
-3.875
-3.875
-3.875
-3.875
-3.875
-3.875
-3.875
-3.875
-3.875
-3.875
-3.875
-3.875
-3.875
-3.875
-3.875
-3.875
-3.875
-3.875
-3.875
-3.875
-3.875
-3.875
-3.875
-3.875
-3.875
-3.875
-3.875
-3.875
-3.875
-3.875
-3.875
-3.875
-3.875
-3.875
-3.875
-3.875
-3.875
-3.875
-3.875
-3.875
-3.875
-3.875
-3.875
-3.875
-3.875
-3.875
-3.875
-3.875
-3.875
-3.875
-3.875
-3.875
-3.875
-3.875
-3.875
-3.875
-3.875
-3.875
-3.875
-3.875
-3.875
-3.875
-3.875
-3.875
-3.875
-3.875
-3.875
-3.875
-3.875
-3.875
-3.875
-3.875
-3.875
-3.875
-3.875
-3.875
-3.875
-3.875
-3.875
-3.875
-3.875
-3.875
-3.875
-3.875
-3.875
-3.875
-3.875
-3.875
-3.875
-3.875
-3.875
-3.875
-3.875
-3.875
-3.875
-3.875
-3.875
-3.875
-3.875
-3.875
-3.875
-3.875
-3.875
-3.875
-3.875
-3.875
-3.875
-3.875
-3.875
-3.875
-3.875
-3.875
-3.875
-3.875
-3.875
-3.875
-3.875
-3.875
-3.875
-3.875
