33.75
33.751
33.752
33.753
33.754
33.755
33.756
33.757
33.758
33.759
33.76
33.761
33.762
33.763
33.764
33.765
33.766
33.767
33.768
33.769
33.77
33.771
33.772
33.773
33.774
33.775
33.776
33.777
33.778
33.779
33.78
33.781
33.782000000000004
33.783
33.784
33.785000000000004
33.786
33.787
33.788000000000004
33.789
33.79
33.791000000000004
33.792
33.793
33.794000000000004
33.795
33.796
33.797000000000004
33.798
33.799
33.8
33.801
33.802
33.803
33.804
33.805
33.806
33.807
33.808
33.809
33.81
33.811
33.812
33.813
33.814
33.815
33.816
33.817
33.818
33.819
33.82
33.821
33.822
33.823
33.824
33.825
33.826
33.827
33.828
33.829
33.83
33.831
33.832
33.833
33.834
33.835
33.836
33.837
33.838
33.839
33.84
33.841
33.842
33.843
33.844
33.845
33.846000000000004
33.847
33.848
33.849000000000004
33.85
33.851
33.852000000000004
33.853
33.854
33.855000000000004
33.856
33.857
33.858000000000004
33.859
33.86
33.861000000000004
33.862
33.863
33.864
33.865
33.866
33.867
33.868
33.869
33.87
33.871
33.872
33.873
33.874
33.875
33.876
33.877
33.878
33.879
33.88
33.881
33.882
33.883
33.884
33.885
33.886
33.887
33.888
33.889
33.89
33.891
33.892
33.893
33.894
33.895
33.896
33.897
33.898
33.899
33.9
33.901
33.902
33.903
33.904
33.905
33.906
33.907000000000004
33.908
33.909
33.910000000000004
33.911
33.912
33.913000000000004
33.914
33.915
33.916000000000004
33.917
33.918
33.919000000000004
33.92
33.921
33.922000000000004
33.923
33.924
33.925
33.926
33.927
33.928
33.929
33.93
33.931
33.932
33.933
33.934
33.935
33.936
33.937
33.938
33.939
33.94
33.941
33.942
33.943
33.944
33.945
33.946
33.947
33.948
33.949
33.95
33.951
33.952
33.953
33.954
33.955
33.956
33.957
33.958
33.959
33.96
33.961
33.962
33.963
33.964
33.965
33.966
33.967
33.968
33.969
33.97
33.971000000000004
33.972
33.973
33.974000000000004
33.975
33.976
33.977000000000004
33.978
33.979
33.980000000000004
33.981
33.982
33.983000000000004
33.984
33.985
33.986000000000004
33.987
33.988
33.989
33.99
33.991
33.992
33.993
33.994
33.995
33.996
33.997
33.998
33.999
34.0
34.001
34.002
34.003
34.004
34.005
34.006
34.007
34.008
34.009
34.01
34.011
34.012
34.013
34.014
34.015
34.016
34.017
34.018
34.019
34.02
34.021
34.022
34.023
34.024
34.025
34.026
34.027
34.028
34.029
34.03
34.031
34.032000000000004
34.033
34.034
34.035000000000004
34.036
34.037
34.038000000000004
34.039
34.04
34.041000000000004
34.042
34.043
34.044000000000004
34.045
34.046
34.047000000000004
34.048
34.049
34.05
34.051
34.052
34.053
34.054
34.055
34.056
34.057
34.058
34.059
34.06
34.061
34.062
34.063
34.064
34.065
34.066
34.067
34.068
34.069
34.07
34.071
34.072
34.073
34.074
34.075
34.076
34.077
34.078
34.079
34.08
34.081
34.082
34.083
34.084
34.085
34.086
34.087
34.088
34.089
34.09
34.091
34.092
34.093
34.094
34.095
34.096000000000004
34.097
34.098
34.099000000000004
34.1
34.101
34.102000000000004
34.103
34.104
34.105000000000004
34.106
34.107
34.108000000000004
34.109
34.11
34.111000000000004
34.112
34.113
34.114
34.115
34.116
34.117
34.118
34.119
34.12
34.121
34.122
34.123
34.124
34.125
34.126
34.127
34.128
34.129
34.13
34.131
34.132
34.133
34.134
34.135
34.136
34.137
34.138
34.139
34.14
34.141
34.142
34.143
34.144
34.145
34.146
34.147
34.148
34.149
34.15
34.151
34.152
34.153
34.154
34.155
34.156
34.157000000000004
34.158
34.159
34.160000000000004
34.161
34.162
34.163000000000004
34.164
34.165
34.166000000000004
34.167
34.168
34.169000000000004
34.17
34.171
34.172000000000004
34.173
34.174
34.175000000000004
34.176
34.177
34.178
34.179
34.18
34.181
34.182
34.183
34.184
34.185
34.186
34.187
34.188
34.189
34.19
34.191
34.192
34.193
34.194
34.195
34.196
34.197
34.198
34.199
34.2
34.201
34.202
34.203
34.204
34.205
34.206
34.207
34.208
34.209
34.21
34.211
34.212
34.213
34.214
34.215
34.216
34.217
34.218
34.219
34.22
34.221000000000004
34.222
34.223
34.224000000000004
34.225
34.226
34.227000000000004
34.228
34.229
34.230000000000004
34.231
34.232
34.233000000000004
34.234
34.235
34.236000000000004
34.237
34.238
34.239
34.24
34.241
34.242
34.243
34.244
34.245
34.246
34.247
34.248
34.249
34.25
34.251
34.252
34.253
34.254
34.255
34.256
34.257
34.258
34.259
34.26
34.261
34.262
34.263
34.264
34.265
34.266
34.267
34.268
34.269
34.27
34.271
34.272
34.273
34.274
34.275
34.276
34.277
34.278
34.279
34.28
34.281
34.282000000000004
34.283
34.284
34.285000000000004
34.286
34.287
34.288000000000004
34.289
34.29
34.291000000000004
34.292
34.293
34.294000000000004
34.295
34.296
34.297000000000004
34.298
34.299
34.300000000000004
34.301
34.302
34.303
34.304
34.305
34.306
34.307
34.308
34.309
34.31
34.311
34.312
34.313
34.314
34.315
34.316
34.317
34.318
34.319
34.32
34.321
34.322
34.323
34.324
34.325
34.326
34.327
34.328
34.329
34.33
34.331
34.332
34.333
34.334
34.335
34.336
34.337
34.338
34.339
34.34
34.341
34.342
34.343
34.344
34.345
34.346000000000004
34.347
34.348
34.349000000000004
34.35
34.351
34.352000000000004
34.353
34.354
34.355000000000004
34.356
34.357
34.358000000000004
34.359
34.36
34.361000000000004
34.362
34.363
34.364
34.365
34.366
34.367
34.368
34.369
34.37
34.371
34.372
34.373
34.374
34.375
34.376
34.377
34.378
34.379
34.38
34.381
34.382
34.383
34.384
34.385
34.386
34.387
34.388
34.389
34.39
34.391
34.392
34.393
34.394
34.395
34.396
34.397
34.398
34.399
34.4
34.401
34.402
34.403
34.404
34.405
34.406
34.407000000000004
34.408
34.409
34.410000000000004
34.411
34.412
34.413000000000004
34.414
34.415
34.416000000000004
34.417
34.418
34.419000000000004
34.42
34.421
34.422000000000004
34.423
34.424
34.425000000000004
34.426
34.427
34.428
34.429
34.43
34.431
34.432
34.433
34.434
34.435
34.436
34.437
34.438
34.439
34.44
34.441
34.442
34.443
34.444
34.445
34.446
34.447
34.448
34.449
34.45
34.451
34.452
34.453
34.454
34.455
34.456
34.457
34.458
34.459
34.46
34.461
34.462
34.463
34.464
34.465
34.466
34.467
34.468
34.469
34.47
34.471000000000004
34.472
34.473
34.474000000000004
34.475
34.476
34.477000000000004
34.478
34.479
34.480000000000004
34.481
34.482
34.483000000000004
34.484
34.485
34.486000000000004
34.487
34.488
34.489
34.49
34.491
34.492
34.493
34.494
34.495
34.496
34.497
34.498
34.499
34.5
34.501
34.502
34.503
34.504
34.505
34.506
34.507
34.508
34.509
34.51
34.511
34.512
34.513
34.514
34.515
34.516
34.517
34.518
34.519
34.52
34.521
34.522
34.523
34.524
34.525
34.526
34.527
34.528
34.529
34.53
34.531
34.532000000000004
34.533
34.534
34.535000000000004
34.536
34.537
34.538000000000004
34.539
34.54
34.541000000000004
34.542
34.543
34.544000000000004
34.545
34.546
34.547000000000004
34.548
34.549
34.550000000000004
34.551
34.552
34.553
34.554
34.555
34.556
34.557
34.558
34.559
34.56
34.561
34.562
34.563
34.564
34.565
34.566
34.567
34.568
34.569
34.57
34.571
34.572
34.573
34.574
34.575
34.576
34.577
34.578
34.579
34.58
34.581
34.582
34.583
34.584
34.585
34.586
34.587
34.588
34.589
34.59
34.591
34.592
34.593
34.594
34.595
34.596000000000004
34.597
34.598
34.599000000000004
34.6
34.601
34.602000000000004
34.603
34.604
34.605000000000004
34.606
34.607
34.608000000000004
34.609
34.61
34.611000000000004
34.612
34.613
34.614
34.615
34.616
34.617
34.618
34.619
34.62
34.621
34.622
34.623
34.624
34.625
34.626
34.627
34.628
34.629
34.63
34.631
34.632
34.633
34.634
34.635
34.636
34.637
34.638
34.639
34.64
34.641
34.642
34.643
34.644
34.645
34.646
34.647
34.648
34.649
34.65
34.651
34.652
34.653
34.654
34.655
34.656
34.657000000000004
34.658
34.659
34.660000000000004
34.661
34.662
34.663000000000004
34.664
34.665
34.666000000000004
34.667
34.668
34.669000000000004
34.67
34.671
34.672000000000004
34.673
34.674
34.675000000000004
34.676
34.677
34.678
34.679
34.68
34.681
34.682
34.683
34.684
34.685
34.686
34.687
34.688
34.689
34.69
34.691
34.692
34.693
34.694
34.695
34.696
34.697
34.698
34.699
34.7
34.701
34.702
34.703
34.704
34.705
34.706
34.707
34.708
34.709
34.71
34.711
34.712
34.713
34.714
34.715
34.716
34.717
34.718
34.719
34.72
34.721000000000004
34.722
34.723
34.724000000000004
34.725
34.726
34.727000000000004
34.728
34.729
34.730000000000004
34.731
34.732
34.733000000000004
34.734
34.735
34.736000000000004
34.737
34.738
34.739
34.74
34.741
34.742
34.743
34.744
34.745
34.746
34.747
34.748
34.749
