-2.84375
-2.84375
-2.84375
-2.84375
-2.84375
-2.84375
-2.84375
-2.84375
-2.84375
-2.84375
-2.84375
-2.84375
-2.84375
-2.84375
-2.84375
-2.84375
-2.84375
-2.84375
-2.84375
-2.84375
-2.84375
-2.84375
-2.84375
-2.84375
-2.84375
-2.84375
-2.84375
-2.84375
-2.84375
-2.84375
-2.84375
-2.84375
-2.84375
-2.84375
-2.84375
-2.84375
-2.84375
-2.84375
-2.84375
-2.84375
-2.84375
-2.84375
-2.84375
-2.84375
-2.84375
-2.84375
-2.84375
-2.84375
-2.84375
-2.84375
-2.84375
-2.84375
-2.84375
-2.84375
-2.84375
-2.84375
-2.84375
-2.84375
-2.84375
-2.84375
-2.84375
-2.84375
-2.84375
-2.84375
-2.84375
-2.84375
-2.84375
-2.84375
-2.84375
-2.84375
-2.84375
-2.84375
-2.84375
-2.84375
-2.84375
-2.84375
-2.84375
-2.84375
-2.84375
-2.84375
-2.84375
-2.84375
-2.84375
-2.84375
-2.84375
-2.84375
-2.84375
-2.84375
-2.84375
-2.84375
-2.84375
-2.84375
-2.84375
-2.84375
-2.84375
-2.84375
-2.84375
-2.84375
-2.84375
-2.84375
-2.84375
-2.84375
-2.84375
-2.84375
-2.84375
-2.84375
-2.84375
-2.84375
-2.84375
-2.84375
-2.84375
-2.84375
-2.84375
-2.84375
-2.84375
-2.84375
-2.84375
-2.84375
-2.84375
-2.84375
-2.84375
-2.84375
-2.84375
-2.84375
-2.84375
-2.84375
-2.84375
-2.84375
-2.84375
-2.84375
-2.84375
-2.84375
-2.84375
-2.84375
-2.84375
-2.84375
-2.84375
-2.84375
-2.84375
-2.84375
-2.84375
-2.84375
-2.84375
-2.84375
-2.84375
-2.84375
-2.84375
-2.84375
-2.84375
-2.84375
-2.84375
-2.84375
-2.84375
-2.84375
-2.84375
-2.84375
-2.84375
-2.84375
-2.84375
-2.84375
-2.84375
-2.84375
-2.84375
-2.84375
-2.84375
-2.84375
-2.84375
-2.84375
-2.84375
-2.84375
-2.84375
-2.84375
-2.84375
-2.84375
-2.84375
-2.84375
-2.84375
-2.84375
-2.84375
-2.84375
-2.84375
-2.84375
-2.84375
-2.84375
-2.84375
-2.84375
-2.84375
-2.84375
-2.84375
-2.84375
-2.84375
-2.84375
-2.84375
-2.84375
-2.84375
-2.84375
-2.84375
-2.84375
-2.84375
-2.84375
-2.84375
-2.84375
-2.84375
-2.84375
-2.84375
-2.84375
-2.84375
-2.84375
-2.84375
-2.84375
-2.84375
-2.84375
-2.84375
-2.84375
-2.84375
-2.84375
-2.84375
-2.84375
-2.84375
-2.84375
-2.84375
-2.84375
-2.84375
-2.84375
-2.84375
-2.84375
-2.84375
-2.84375
-2.84375
-2.84375
-2.84375
-2.84375
-2.84375
-2.84375
-2.84375
-2.84375
-2.84375
-2.84375
-2.84375
-2.84375
-2.84375
-2.84375
-2.84375
-2.84375
-2.84375
-2.84375
-2.84375
-2.84375
-2.84375
-2.84375
-2.84375
-2.84375
-2.84375
-2.84375
-2.84375
-2.84375
-2.84375
-2.84375
-2.84375
-2.84375
-2.84375
-2.84375
-2.84375
-2.84375
-2.84375
-2.84375
-2.84375
-2.84375
-2.84375
-2.84375
-2.84375
-2.84375
-2.84375
-2.84375
-2.84375
-2.84375
-2.84375
-2.84375
-2.84375
-2.84375
-2.8125
-2.8125
-2.8125
-2.8125
-2.8125
-2.8125
-2.78125
-2.78125
-2.78125
-2.78125
-2.78125
-2.78125
-2.75
-2.75
-2.75
-2.75
-2.75
-2.75
-2.75
-2.71875
-2.71875
-2.71875
-2.71875
-2.71875
-2.71875
-2.6875
-2.6875
-2.6875
-2.6875
-2.6875
-2.6875
-2.6875
-2.65625
-2.65625
-2.65625
-2.65625
-2.65625
-2.65625
-2.65625
-2.625
-2.625
-2.625
-2.625
-2.625
-2.625
-2.625
-2.625
-2.59375
-2.59375
-2.59375
-2.59375
-2.59375
-2.59375
-2.59375
-2.59375
-2.5625
-2.5625
-2.5625
-2.5625
-2.5625
-2.5625
-2.5625
-2.5625
-2.53125
-2.53125
-2.53125
-2.53125
-2.53125
-2.53125
-2.53125
-2.53125
-2.5
-2.5
-2.5
-2.5
-2.5
-2.5
-2.5
-2.5
-2.46875
-2.46875
-2.46875
-2.46875
-2.46875
-2.46875
-2.46875
-2.46875
-2.46875
-2.4375
-2.4375
-2.4375
-2.4375
-2.4375
-2.4375
-2.4375
-2.4375
-2.4375
-2.4375
-2.40625
-2.40625
-2.40625
-2.40625
-2.40625
-2.40625
-2.40625
-2.40625
-2.40625
-2.40625
-2.40625
-2.375
-2.375
-2.375
-2.375
-2.375
-2.375
-2.375
-2.375
-2.375
-2.375
-2.375
-2.34375
-2.34375
-2.34375
-2.34375
-2.34375
-2.34375
-2.34375
-2.34375
-2.34375
-2.34375
-2.3125
-2.3125
-2.3125
-2.3125
-2.3125
-2.3125
-2.3125
-2.3125
-2.3125
-2.3125
-2.3125
-2.28125
-2.28125
-2.28125
-2.28125
-2.28125
-2.28125
-2.28125
-2.28125
-2.28125
-2.28125
-2.28125
-2.25
-2.25
-2.25
-2.25
-2.25
-2.25
-2.25
-2.25
-2.25
-2.25
-2.25
-2.25
-2.25
-2.21875
-2.21875
-2.21875
-2.21875
-2.21875
-2.21875
-2.21875
-2.21875
-2.21875
-2.21875
-2.21875
-2.21875
-2.21875
-2.21875
-2.21875
-2.21875
-2.1875
-2.1875
-2.1875
-2.1875
-2.1875
-2.1875
-2.1875
-2.1875
-2.1875
-2.1875
-2.1875
-2.1875
-2.1875
-2.1875
-2.1875
-2.1875
-2.15625
-2.15625
-2.15625
-2.15625
-2.15625
-2.15625
-2.15625
-2.15625
-2.15625
-2.15625
-2.15625
-2.15625
-2.15625
-2.15625
-2.15625
-2.15625
-2.125
-2.125
-2.125
-2.125
-2.125
-2.125
-2.125
-2.125
-2.125
-2.125
-2.125
-2.125
-2.125
-2.125
-2.125
-2.125
-2.09375
-2.09375
-2.09375
-2.09375
-2.09375
-2.09375
-2.09375
-2.09375
-2.09375
-2.09375
-2.09375
-2.09375
-2.09375
-2.09375
-2.09375
-2.09375
-2.0625
-2.0625
-2.0625
-2.0625
-2.0625
-2.0625
-2.0625
-2.0625
-2.0625
-2.0625
-2.0625
-2.0625
-2.0625
-2.0625
-2.0625
-2.0625
-2.03125
-2.03125
-2.03125
-2.03125
-2.03125
-2.03125
-2.03125
-2.03125
-2.03125
-2.03125
-2.03125
-2.03125
-2.03125
-2.03125
-2.03125
-2.03125
-2.0
-2.0
-2.0
-2.0
-2.0
-2.0
-2.0
-2.0
-2.0
-2.0
-2.0
-2.0
-2.0
-2.0
-2.0
-2.0
-2.0
-2.0
-2.0
-2.0
-2.0
-2.0
-2.0
-2.0
-2.0
-2.0
-2.0
-2.0
-2.0
-2.0
-2.0
-1.96875
-1.96875
-1.96875
-1.96875
-1.96875
-1.96875
-1.96875
-1.96875
-1.96875
-1.96875
-1.96875
-1.96875
-1.96875
-1.96875
-1.96875
-1.96875
-1.96875
-1.96875
-1.96875
-1.96875
-1.96875
-1.96875
-1.96875
-1.96875
-1.96875
-1.96875
-1.96875
-1.96875
-1.96875
-1.96875
-1.96875
-1.96875
-1.9375
-1.9375
-1.9375
-1.9375
-1.9375
-1.9375
-1.9375
-1.9375
-1.9375
-1.9375
-1.9375
-1.9375
-1.9375
-1.9375
-1.9375
-1.9375
-1.9375
-1.9375
-1.9375
-1.9375
-1.9375
-1.9375
-1.9375
-1.9375
-1.9375
-1.9375
-1.9375
-1.9375
-1.9375
-1.9375
-1.9375
-1.9375
-1.90625
-1.90625
-1.90625
-1.90625
-1.90625
-1.90625
-1.90625
-1.90625
-1.90625
-1.90625
-1.90625
-1.90625
-1.90625
-1.90625
-1.90625
-1.90625
-1.90625
-1.90625
-1.90625
-1.90625
-1.90625
-1.90625
-1.90625
-1.90625
-1.90625
-1.90625
-1.90625
-1.90625
-1.90625
-1.90625
-1.90625
-1.90625
-1.875
-1.875
-1.875
-1.875
-1.875
-1.875
-1.875
-1.875
-1.875
-1.875
-1.875
-1.875
-1.875
-1.875
-1.875
-1.875
-1.875
-1.875
-1.875
-1.875
-1.875
-1.875
-1.875
-1.875
-1.875
-1.875
-1.875
-1.875
-1.875
-1.875
-1.875
-1.875
-1.84375
-1.84375
-1.84375
-1.84375
-1.84375
-1.84375
-1.84375
-1.84375
-1.84375
-1.84375
-1.84375
-1.84375
-1.84375
-1.84375
-1.84375
-1.84375
-1.84375
-1.84375
-1.84375
-1.84375
-1.84375
-1.84375
-1.84375
-1.84375
-1.84375
-1.84375
-1.84375
-1.84375
-1.84375
-1.84375
-1.84375
-1.84375
-1.8125
-1.8125
-1.8125
-1.8125
-1.8125
-1.8125
-1.8125
-1.8125
-1.8125
-1.8125
-1.8125
-1.8125
-1.8125
-1.8125
-1.8125
-1.8125
-1.8125
-1.8125
-1.8125
-1.8125
-1.8125
-1.8125
-1.8125
-1.8125
-1.8125
-1.8125
-1.8125
-1.8125
-1.8125
-1.8125
-1.8125
-1.8125
-1.8125
-1.8125
-1.84375
-1.84375
-1.84375
-1.84375
-1.84375
-1.84375
-1.84375
-1.875
-1.875
-1.875
-1.875
-1.875
-1.875
-1.90625
-1.90625
-1.90625
-1.90625
-1.90625
-1.90625
-1.9375
-1.9375
-1.9375
-1.9375
-1.9375
-1.9375
-1.9375
-1.96875
-1.96875
-1.96875
-1.96875
-1.96875
-1.96875
-2.0
-2.0
-2.0
-2.0
-2.0
-2.0
-2.0
-2.03125
-2.03125
-2.03125
-2.03125
-2.03125
-2.03125
-2.03125
-2.03125
-2.0625
-2.0625
-2.0625
-2.0625
-2.0625
-2.0625
-2.0625
-2.0625
-2.09375
-2.09375
-2.09375
-2.09375
-2.09375
-2.09375
-2.09375
-2.09375
-2.125
-2.125
-2.125
-2.125
-2.125
-2.125
-2.125
-2.125
-2.15625
-2.15625
-2.15625
-2.15625
-2.15625
-2.15625
-2.15625
-2.15625
-2.1875
-2.1875
-2.1875
-2.1875
-2.1875
-2.1875
-2.1875
-2.1875
-2.21875
-2.21875
-2.21875
-2.21875
-2.21875
-2.21875
-2.21875
-2.21875
-2.25
-2.25
-2.25
-2.25
-2.25
-2.25
-2.25
-2.25
-2.25
-2.28125
-2.28125
-2.28125
-2.28125
-2.28125
-2.28125
-2.28125
-2.28125
-2.28125
-2.28125
-2.3125
-2.3125
-2.3125
-2.3125
-2.3125
-2.3125
-2.3125
-2.3125
-2.3125
-2.3125
-2.3125
-2.34375
-2.34375
-2.34375
-2.34375
-2.34375
-2.34375
-2.34375
-2.34375
-2.34375
-2.34375
-2.34375
-2.375
-2.375
-2.375
-2.375
-2.375
-2.375
-2.375
-2.375
-2.375
-2.375
-2.40625
-2.40625
-2.40625
-2.40625
-2.40625
-2.40625
-2.40625
-2.40625
-2.40625
-2.40625
-2.40625
-2.4375
-2.4375
-2.4375
-2.4375
-2.4375
-2.4375
-2.4375
-2.4375
-2.4375
-2.4375
-2.4375
-2.46875
-2.46875
-2.46875
-2.46875
-2.46875
-2.46875
-2.46875
-2.46875
-2.46875
-2.46875
-2.46875
-2.46875
-2.46875
-2.5
-2.5
-2.5
-2.5
-2.5
-2.5
-2.5
-2.5
-2.5
-2.5
-2.5
-2.5
-2.5
-2.5
-2.5
-2.5
-2.53125
-2.53125
-2.53125
-2.53125
-2.53125
-2.53125
-2.53125
-2.53125
-2.53125
-2.53125
-2.53125
-2.53125
-2.53125
-2.53125
-2.53125
-2.53125
-2.5625
-2.5625
-2.5625
-2.5625
-2.5625
