-4.84375
-4.84375
-4.84375
-4.84375
-4.84375
-4.84375
-4.84375
-4.84375
-4.84375
-4.84375
-4.84375
-4.84375
-4.84375
-4.84375
-4.84375
-4.84375
-4.84375
-4.84375
-4.84375
-4.84375
-4.84375
-4.84375
-4.84375
-4.84375
-4.84375
-4.84375
-4.84375
-4.84375
-4.84375
-4.84375
-4.84375
-4.84375
-4.84375
-4.84375
-4.84375
-4.84375
-4.84375
-4.84375
-4.84375
-4.84375
-4.84375
-4.84375
-4.84375
-4.84375
-4.84375
-4.84375
-4.84375
-4.84375
-4.84375
-4.84375
-4.84375
-4.84375
-4.84375
-4.84375
-4.84375
-4.84375
-4.84375
-4.84375
-4.84375
-4.84375
-4.84375
-4.84375
-4.84375
-4.84375
-4.84375
-4.84375
-4.84375
-4.84375
-4.84375
-4.84375
-4.84375
-4.84375
-4.84375
-4.84375
-4.84375
-4.84375
-4.84375
-4.84375
-4.84375
-4.84375
-4.84375
-4.84375
-4.84375
-4.84375
-4.84375
-4.84375
-4.84375
-4.84375
-4.84375
-4.84375
-4.84375
-4.84375
-4.84375
-4.84375
-4.84375
-4.84375
-4.84375
-4.84375
-4.84375
-4.84375
-4.84375
-4.84375
-4.84375
-4.84375
-4.84375
-4.84375
-4.84375
-4.84375
-4.84375
-4.84375
-4.84375
-4.84375
-4.84375
-4.84375
-4.84375
-4.84375
-4.84375
-4.84375
-4.84375
-4.84375
-4.84375
-4.84375
-4.84375
-4.84375
-4.84375
-4.84375
-4.84375
-4.84375
-4.84375
-4.84375
-4.84375
-4.84375
-4.84375
-4.84375
-4.84375
-4.84375
-4.84375
-4.84375
-4.84375
-4.84375
-4.84375
-4.84375
-4.84375
-4.84375
-4.84375
-4.84375
-4.84375
-4.84375
-4.84375
-4.84375
-4.84375
-4.84375
-4.84375
-4.84375
-4.84375
-4.84375
-4.84375
-4.84375
-4.84375
-4.84375
-4.84375
-4.84375
-4.84375
-4.84375
-4.84375
-4.84375
-4.84375
-4.84375
-4.84375
-4.84375
-4.84375
-4.84375
-4.84375
-4.84375
-4.84375
-4.84375
-4.84375
-4.84375
-4.84375
-4.84375
-4.84375
-4.84375
-4.84375
-4.84375
-4.84375
-4.84375
-4.84375
-4.84375
-4.84375
-4.84375
-4.84375
-4.84375
-4.84375
-4.84375
-4.84375
-4.84375
-4.84375
-4.84375
-4.84375
-4.84375
-4.84375
-4.84375
-4.84375
-4.84375
-4.84375
-4.84375
-4.84375
-4.84375
-4.84375
-4.84375
-4.84375
-4.84375
-4.84375
-4.84375
-4.84375
-4.84375
-4.84375
-4.84375
-4.84375
-4.84375
-4.84375
-4.84375
-4.84375
-4.84375
-4.84375
-4.84375
-4.84375
-4.84375
-4.84375
-4.84375
-4.84375
-4.84375
-4.84375
-4.84375
-4.84375
-4.84375
-4.84375
-4.84375
-4.84375
-4.84375
-4.84375
-4.84375
-4.84375
-4.84375
-4.84375
-4.84375
-4.84375
-4.84375
-4.84375
-4.84375
-4.84375
-4.84375
-4.84375
-4.84375
-4.84375
-4.84375
-4.84375
-4.84375
-4.84375
-4.84375
-4.84375
-4.84375
-4.84375
-4.84375
-4.84375
-4.84375
-4.84375
-4.84375
-4.84375
-4.84375
-4.84375
-4.84375
-4.84375
-4.84375
-4.84375
-4.84375
-4.84375
-4.71875
-4.625
-4.53125
-4.4375
-4.34375
-4.28125
-4.1875
-4.125
-4.0625
-4.0
-3.9375
-3.90625
-3.84375
-3.8125
-3.75
-3.71875
-3.6875
-3.65625
-3.625
-3.59375
-3.5625
-3.53125
-3.5
-3.46875
-3.46875
-3.4375
-3.40625
-3.40625
-3.375
-3.375
-3.34375
-3.34375
-3.34375
-3.3125
-3.3125
-3.28125
-3.28125
-3.28125
-3.28125
-3.25
-3.25
-3.25
-3.25
-3.21875
-3.21875
-3.21875
-3.21875
-3.21875
-3.1875
-3.1875
-3.1875
-3.1875
-3.1875
-3.1875
-3.1875
-3.1875
-3.1875
-3.15625
-3.15625
-3.15625
-3.15625
-3.15625
-3.15625
-3.15625
-3.15625
-3.15625
-3.15625
-3.15625
-3.15625
-3.15625
-3.15625
-3.125
-3.125
-3.125
-3.125
-3.125
-3.125
-3.125
-3.125
-3.125
-3.125
-3.125
-3.125
-3.125
-3.125
-3.125
-3.125
-3.125
-3.125
-3.125
-3.125
-3.125
-3.125
-3.125
-3.125
-3.125
-3.125
-3.125
-3.125
-3.125
-3.125
-3.125
-3.125
-3.125
-3.125
-3.125
-3.125
-3.125
-3.125
-3.125
-3.125
-3.125
-3.125
-3.125
-3.125
-3.125
-3.125
-3.125
-3.125
-3.125
-3.125
-3.125
-3.125
-3.125
-3.125
-3.125
-3.125
-3.125
-3.125
-3.125
-3.125
-3.125
-3.125
-3.125
-3.125
-3.125
-3.125
-3.125
-3.125
-3.09375
-3.09375
-3.09375
-3.09375
-3.09375
-3.09375
-3.09375
-3.09375
-3.09375
-3.09375
-3.09375
-3.09375
-3.09375
-3.09375
-3.09375
-3.09375
-3.09375
-3.09375
-3.09375
-3.09375
-3.09375
-3.09375
-3.09375
-3.09375
-3.09375
-3.09375
-3.09375
-3.09375
-3.09375
-3.09375
-3.09375
-3.09375
-3.09375
-3.09375
-3.09375
-3.09375
-3.09375
-3.09375
-3.09375
-3.09375
-3.09375
-3.09375
-3.09375
-3.09375
-3.09375
-3.09375
-3.09375
-3.09375
-3.09375
-3.09375
-3.09375
-3.09375
-3.09375
-3.09375
-3.09375
-3.09375
-3.09375
-3.09375
-3.09375
-3.09375
-3.09375
-3.09375
-3.09375
-3.09375
-3.09375
-3.09375
-3.09375
-3.09375
-3.09375
-3.09375
-3.09375
-3.09375
-3.09375
-3.09375
-3.09375
-3.09375
-3.09375
-3.09375
-3.09375
-3.09375
-3.09375
-3.09375
-3.09375
-3.09375
-3.09375
-3.09375
-3.09375
-3.09375
-3.09375
-3.09375
-3.09375
-3.09375
-3.09375
-3.09375
-3.09375
-3.09375
-3.09375
-3.09375
-3.09375
-3.09375
-3.09375
-3.09375
-3.09375
-3.09375
-3.09375
-3.09375
-3.09375
-3.09375
-3.09375
-3.09375
-3.09375
-3.09375
-3.09375
-3.09375
-3.09375
-3.09375
-3.09375
-3.09375
-3.09375
-3.09375
-3.09375
-3.09375
-3.09375
-3.09375
-3.09375
-3.09375
-3.09375
-3.09375
-3.09375
-3.09375
-3.09375
-3.09375
-3.09375
-3.09375
-3.09375
-3.09375
-3.09375
-3.0625
-3.0625
-3.0625
-3.0625
-3.0625
-3.0625
-3.0625
-3.0625
-3.0625
-3.0625
-3.0625
-3.0625
-3.0625
-3.03125
-3.03125
-3.03125
-3.03125
-3.0
-3.0
-2.96875
-2.9375
-2.875
-2.84375
-2.84375
-2.84375
-2.84375
-2.875
-2.90625
-2.9375
-2.96875
-3.0
-3.0
-3.03125
-3.03125
-3.03125
-3.0625
-3.0625
-3.0625
-3.0625
-3.0625
-3.09375
-3.09375
-3.09375
-3.09375
-3.09375
-3.09375
-3.09375
-3.09375
-3.09375
-3.09375
-3.09375
-3.125
-3.125
-3.125
-3.125
-3.125
-3.125
-3.125
-3.125
-3.125
-3.125
-3.125
-3.125
-3.125
-3.125
-3.125
-3.125
-3.125
-3.125
-3.125
-3.125
-3.125
-3.125
-3.125
-3.125
-3.125
-3.125
-3.125
-3.125
-3.125
-3.125
-3.125
-3.125
-3.125
-3.125
-3.125
-3.125
-3.125
-3.125
-3.125
-3.125
-3.09375
-3.09375
-3.09375
-3.09375
-3.09375
-3.09375
-3.09375
-3.09375
-3.09375
-3.09375
-3.09375
-3.09375
-3.09375
-3.09375
-3.09375
-3.09375
-3.09375
-3.09375
-3.09375
-3.09375
-3.09375
-3.09375
-3.09375
-3.09375
-3.09375
-3.09375
-3.09375
-3.09375
-3.09375
-3.09375
-3.09375
-3.09375
-3.09375
-3.09375
-3.09375
-3.09375
-3.09375
-3.09375
-3.09375
-3.09375
-3.09375
-3.09375
-3.09375
-3.09375
-3.09375
-3.09375
-3.09375
-3.09375
-3.09375
-3.09375
-3.09375
-3.09375
-3.09375
-3.09375
-3.09375
-3.09375
-3.09375
-3.09375
-3.09375
-3.09375
-3.09375
-3.09375
-3.09375
-3.09375
-3.09375
-3.09375
-3.09375
-3.09375
-3.09375
-3.09375
-3.09375
-3.09375
-3.09375
-3.09375
-3.09375
-3.09375
-3.09375
-3.09375
-3.09375
-3.09375
-3.09375
-3.09375
-3.09375
-3.09375
-3.09375
-3.09375
-3.09375
-3.09375
-3.09375
-3.09375
-3.09375
-3.09375
-3.09375
-3.09375
-3.09375
-3.09375
-3.09375
-3.09375
-3.09375
-3.09375
-3.09375
-3.09375
-3.09375
-3.09375
-3.09375
-3.09375
-3.09375
-3.09375
-3.09375
-3.09375
-3.09375
-3.09375
-3.09375
-3.09375
-3.09375
-3.09375
-3.09375
-3.09375
-3.09375
-3.09375
-3.09375
-3.09375
-3.09375
-3.09375
-3.09375
-3.09375
-3.09375
-3.09375
-3.09375
-3.09375
-3.09375
-3.09375
-3.09375
-3.1875
-3.3125
-3.40625
-3.5
-3.5625
-3.65625
-3.71875
-3.78125
-3.84375
-3.90625
-3.96875
-4.03125
-4.09375
-4.125
-4.1875
-4.21875
-4.25
-4.3125
-4.34375
-4.375
-4.40625
-4.4375
-4.46875
-4.46875
-4.5
-4.53125
-4.5625
-4.5625
-4.59375
-4.59375
-4.625
-4.625
-4.65625
-4.65625
-4.6875
-4.6875
-4.6875
-4.71875
-4.71875
-4.71875
-4.71875
-4.75
-4.75
-4.75
-4.75
-4.78125
-4.78125
-4.78125
-4.78125
-4.78125
-4.78125
-4.78125
-4.78125
-4.8125
-4.8125
-4.8125
-4.8125
-4.8125
-4.8125
-4.8125
-4.8125
-4.8125
-4.8125
-4.8125
-4.8125
-4.8125
-4.84375
-4.84375
-4.84375
-4.84375
-4.84375
-4.84375
-4.84375
-4.84375
-4.84375
-4.84375
-4.84375
-4.84375
-4.84375
-4.84375
-4.84375
-4.84375
-4.84375
-4.84375
-4.84375
-4.84375
-4.84375
-4.84375
-4.84375
-4.84375
-4.84375
-4.84375
-4.84375
-4.84375
-4.84375
-4.84375
-4.84375
-4.84375
-4.84375
-4.84375
-4.84375
-4.84375
-4.84375
-4.84375
-4.84375
-4.84375
-4.84375
-4.84375
-4.84375
-4.84375
-4.84375
-4.84375
-4.84375
-4.84375
-4.84375
-4.84375
-4.84375
-4.84375
-4.84375
-4.84375
-4.84375
-4.84375
-4.84375
-4.84375
-4.84375
-4.84375
-4.84375
-4.84375
-4.84375
-4.84375
-4.84375
-4.84375
-4.84375
-4.84375
-4.84375
-4.84375
-4.84375
-4.84375
-4.84375
-4.84375
-4.84375
-4.84375
-4.84375
-4.84375
-4.84375
-4.84375
-4.84375
-4.84375
-4.84375
-4.84375
-4.84375
-4.84375
-4.84375
-4.84375
-4.84375
-4.84375
-4.84375
-4.84375
-4.84375
-4.84375
-4.84375
-4.84375
-4.84375
-4.84375
-4.84375
-4.84375
-4.84375
-4.84375
-4.84375
-4.84375
-4.84375
-4.84375
-4.84375
-4.84375
-4.84375
-4.84375
-4.84375
-4.84375
-4.84375
-4.84375
-4.84375
-4.84375
-4.84375
-4.84375
-4.84375
-4.84375
-4.84375
-4.84375
-4.84375
-4.84375
-4.84375
-4.84375
-4.84375
-4.84375
-4.84375
-4.84375
-4.84375
-4.84375
-4.84375
-4.84375
-4.84375
-4.84375
-4.84375
-4.84375
-4.84375
-4.84375
-4.84375
-4.84375
-4.84375
-4.84375
-4.84375
-4.84375
-4.84375
-4.84375
-4.84375
-4.84375
-4.84375
-4.84375
-4.84375
-4.84375
-4.84375
-4.84375
-4.84375
