33.5
33.501
33.502
33.503
33.504
33.505
33.506
33.507
33.508
33.509
33.51
33.511
33.512
33.513
33.514
33.515
33.516
33.517
33.518
33.519
33.52
33.521
33.522
33.523
33.524
33.525
33.526
33.527
33.528
33.529
33.53
33.531
33.532000000000004
33.533
33.534
33.535000000000004
33.536
33.537
33.538000000000004
33.539
33.54
33.541000000000004
33.542
33.543
33.544000000000004
33.545
33.546
33.547000000000004
33.548
33.549
33.55
33.551
33.552
33.553
33.554
33.555
33.556
33.557
33.558
33.559
33.56
33.561
33.562
33.563
33.564
33.565
33.566
33.567
33.568
33.569
33.57
33.571
33.572
33.573
33.574
33.575
33.576
33.577
33.578
33.579
33.58
33.581
33.582
33.583
33.584
33.585
33.586
33.587
33.588
33.589
33.59
33.591
33.592
33.593
33.594
33.595
33.596000000000004
33.597
33.598
33.599000000000004
33.6
33.601
33.602000000000004
33.603
33.604
33.605000000000004
33.606
33.607
33.608000000000004
33.609
33.61
33.611000000000004
33.612
33.613
33.614
33.615
33.616
33.617
33.618
33.619
33.62
33.621
33.622
33.623
33.624
33.625
33.626
33.627
33.628
33.629
33.63
33.631
33.632
33.633
33.634
33.635
33.636
33.637
33.638
33.639
33.64
33.641
33.642
33.643
33.644
33.645
33.646
33.647
33.648
33.649
33.65
33.651
33.652
33.653
33.654
33.655
33.656
33.657000000000004
33.658
33.659
33.660000000000004
33.661
33.662
33.663000000000004
33.664
33.665
33.666000000000004
33.667
33.668
33.669000000000004
33.67
33.671
33.672000000000004
33.673
33.674
33.675
33.676
33.677
33.678
33.679
33.68
33.681
33.682
33.683
33.684
33.685
33.686
33.687
33.688
33.689
33.69
33.691
33.692
33.693
33.694
33.695
33.696
33.697
33.698
33.699
33.7
33.701
33.702
33.703
33.704
33.705
33.706
33.707
33.708
33.709
33.71
33.711
33.712
33.713
33.714
33.715
33.716
33.717
33.718
33.719
33.72
33.721000000000004
33.722
33.723
33.724000000000004
33.725
33.726
33.727000000000004
33.728
33.729
33.730000000000004
33.731
33.732
33.733000000000004
33.734
33.735
33.736000000000004
33.737
33.738
33.739
33.74
33.741
33.742
33.743
33.744
33.745
33.746
33.747
33.748
33.749
33.75
33.751
33.752
33.753
33.754
33.755
33.756
33.757
33.758
33.759
33.76
33.761
33.762
33.763
33.764
33.765
33.766
33.767
33.768
33.769
33.77
33.771
33.772
33.773
33.774
33.775
33.776
33.777
33.778
33.779
33.78
33.781
33.782000000000004
33.783
33.784
33.785000000000004
33.786
33.787
33.788000000000004
33.789
33.79
33.791000000000004
33.792
33.793
33.794000000000004
33.795
33.796
33.797000000000004
33.798
33.799
33.8
33.801
33.802
33.803
33.804
33.805
33.806
33.807
33.808
33.809
33.81
33.811
33.812
33.813
33.814
33.815
33.816
33.817
33.818
33.819
33.82
33.821
33.822
33.823
33.824
33.825
33.826
33.827
33.828
33.829
33.83
33.831
33.832
33.833
33.834
33.835
33.836
33.837
33.838
33.839
33.84
33.841
33.842
33.843
33.844
33.845
33.846000000000004
33.847
33.848
33.849000000000004
33.85
33.851
33.852000000000004
33.853
33.854
33.855000000000004
33.856
33.857
33.858000000000004
33.859
33.86
33.861000000000004
33.862
33.863
33.864
33.865
33.866
33.867
33.868
33.869
33.87
33.871
33.872
33.873
33.874
33.875
33.876
33.877
33.878
33.879
33.88
33.881
33.882
33.883
33.884
33.885
33.886
33.887
33.888
33.889
33.89
33.891
33.892
33.893
33.894
33.895
33.896
33.897
33.898
33.899
33.9
33.901
33.902
33.903
33.904
33.905
33.906
33.907000000000004
33.908
33.909
33.910000000000004
33.911
33.912
33.913000000000004
33.914
33.915
33.916000000000004
33.917
33.918
33.919000000000004
33.92
33.921
33.922000000000004
33.923
33.924
33.925
33.926
33.927
33.928
33.929
33.93
33.931
33.932
33.933
33.934
33.935
33.936
33.937
33.938
33.939
33.94
33.941
33.942
33.943
33.944
33.945
33.946
33.947
33.948
33.949
33.95
33.951
33.952
33.953
33.954
33.955
33.956
33.957
33.958
33.959
33.96
33.961
33.962
33.963
33.964
33.965
33.966
33.967
33.968
33.969
33.97
33.971000000000004
33.972
33.973
33.974000000000004
33.975
33.976
33.977000000000004
33.978
33.979
33.980000000000004
33.981
33.982
33.983000000000004
33.984
33.985
33.986000000000004
33.987
33.988
33.989
33.99
33.991
33.992
33.993
33.994
33.995
33.996
33.997
33.998
33.999
34.0
34.001
34.002
34.003
34.004
34.005
34.006
34.007
34.008
34.009
34.01
34.011
34.012
34.013
34.014
34.015
34.016
34.017
34.018
34.019
34.02
34.021
34.022
34.023
34.024
34.025
34.026
34.027
34.028
34.029
34.03
34.031
34.032000000000004
34.033
34.034
34.035000000000004
34.036
34.037
34.038000000000004
34.039
34.04
34.041000000000004
34.042
34.043
34.044000000000004
34.045
34.046
34.047000000000004
34.048
34.049
34.05
34.051
34.052
34.053
34.054
34.055
34.056
34.057
34.058
34.059
34.06
34.061
34.062
34.063
34.064
34.065
34.066
34.067
34.068
34.069
34.07
34.071
34.072
34.073
34.074
34.075
34.076
34.077
34.078
34.079
34.08
34.081
34.082
34.083
34.084
34.085
34.086
34.087
34.088
34.089
34.09
34.091
34.092
34.093
34.094
34.095
34.096000000000004
34.097
34.098
34.099000000000004
34.1
34.101
34.102000000000004
34.103
34.104
34.105000000000004
34.106
34.107
34.108000000000004
34.109
34.11
34.111000000000004
34.112
34.113
34.114
34.115
34.116
34.117
34.118
34.119
34.12
34.121
34.122
34.123
34.124
34.125
34.126
34.127
34.128
34.129
34.13
34.131
34.132
34.133
34.134
34.135
34.136
34.137
34.138
34.139
34.14
34.141
34.142
34.143
34.144
34.145
34.146
34.147
34.148
34.149
34.15
34.151
34.152
34.153
34.154
34.155
34.156
34.157000000000004
34.158
34.159
34.160000000000004
34.161
34.162
34.163000000000004
34.164
34.165
34.166000000000004
34.167
34.168
34.169000000000004
34.17
34.171
34.172000000000004
34.173
34.174
34.175000000000004
34.176
34.177
34.178
34.179
34.18
34.181
34.182
34.183
34.184
34.185
34.186
34.187
34.188
34.189
34.19
34.191
34.192
34.193
34.194
34.195
34.196
34.197
34.198
34.199
34.2
34.201
34.202
34.203
34.204
34.205
34.206
34.207
34.208
34.209
34.21
34.211
34.212
34.213
34.214
34.215
34.216
34.217
34.218
34.219
34.22
34.221000000000004
34.222
34.223
34.224000000000004
34.225
34.226
34.227000000000004
34.228
34.229
34.230000000000004
34.231
34.232
34.233000000000004
34.234
34.235
34.236000000000004
34.237
34.238
34.239
34.24
34.241
34.242
34.243
34.244
34.245
34.246
34.247
34.248
34.249
34.25
34.251
34.252
34.253
34.254
34.255
34.256
34.257
34.258
34.259
34.26
34.261
34.262
34.263
34.264
34.265
34.266
34.267
34.268
34.269
34.27
34.271
34.272
34.273
34.274
34.275
34.276
34.277
34.278
34.279
34.28
34.281
34.282000000000004
34.283
34.284
34.285000000000004
34.286
34.287
34.288000000000004
34.289
34.29
34.291000000000004
34.292
34.293
34.294000000000004
34.295
34.296
34.297000000000004
34.298
34.299
34.300000000000004
34.301
34.302
34.303
34.304
34.305
34.306
34.307
34.308
34.309
34.31
34.311
34.312
34.313
34.314
34.315
34.316
34.317
34.318
34.319
34.32
34.321
34.322
34.323
34.324
34.325
34.326
34.327
34.328
34.329
34.33
34.331
34.332
34.333
34.334
34.335
34.336
34.337
34.338
34.339
34.34
34.341
34.342
34.343
34.344
34.345
34.346000000000004
34.347
34.348
34.349000000000004
34.35
34.351
34.352000000000004
34.353
34.354
34.355000000000004
34.356
34.357
34.358000000000004
34.359
34.36
34.361000000000004
34.362
34.363
34.364
34.365
34.366
34.367
34.368
34.369
34.37
34.371
34.372
34.373
34.374
34.375
34.376
34.377
34.378
34.379
34.38
34.381
34.382
34.383
34.384
34.385
34.386
34.387
34.388
34.389
34.39
34.391
34.392
34.393
34.394
34.395
34.396
34.397
34.398
34.399
34.4
34.401
34.402
34.403
34.404
34.405
34.406
34.407000000000004
34.408
34.409
34.410000000000004
34.411
34.412
34.413000000000004
34.414
34.415
34.416000000000004
34.417
34.418
34.419000000000004
34.42
34.421
34.422000000000004
34.423
34.424
34.425000000000004
34.426
34.427
34.428
34.429
34.43
34.431
34.432
34.433
34.434
34.435
34.436
34.437
34.438
34.439
34.44
34.441
34.442
34.443
34.444
34.445
34.446
34.447
34.448
34.449
34.45
34.451
34.452
34.453
34.454
34.455
34.456
34.457
34.458
34.459
34.46
34.461
34.462
34.463
34.464
34.465
34.466
34.467
34.468
34.469
34.47
34.471000000000004
34.472
34.473
34.474000000000004
34.475
34.476
34.477000000000004
34.478
34.479
34.480000000000004
34.481
34.482
34.483000000000004
34.484
34.485
34.486000000000004
34.487
34.488
34.489
34.49
34.491
34.492
34.493
34.494
34.495
34.496
34.497
34.498
34.499
34.5
34.501
34.502
34.503
34.504
34.505
34.506
34.507
34.508
34.509
34.51
34.511
34.512
34.513
34.514
34.515
34.516
34.517
34.518
34.519
34.52
34.521
34.522
34.523
34.524
34.525
34.526
34.527
34.528
34.529
34.53
34.531
34.532000000000004
34.533
34.534
34.535000000000004
34.536
34.537
34.538000000000004
34.539
34.54
34.541000000000004
34.542
34.543
34.544000000000004
34.545
34.546
34.547000000000004
34.548
34.549
34.550000000000004
34.551
34.552
34.553
34.554
34.555
34.556
34.557
34.558
34.559
34.56
34.561
34.562
34.563
34.564
34.565
34.566
34.567
34.568
34.569
34.57
34.571
34.572
34.573
34.574
34.575
34.576
34.577
34.578
34.579
34.58
34.581
34.582
34.583
34.584
34.585
34.586
34.587
34.588
34.589
34.59
34.591
34.592
34.593
34.594
34.595
34.596000000000004
34.597
34.598
34.599000000000004
34.6
34.601
34.602000000000004
34.603
34.604
34.605000000000004
34.606
34.607
34.608000000000004
34.609
34.61
34.611000000000004
34.612
34.613
34.614
34.615
34.616
34.617
34.618
34.619
34.62
34.621
34.622
34.623
34.624
34.625
34.626
34.627
34.628
34.629
34.63
34.631
34.632
34.633
34.634
34.635
34.636
34.637
34.638
34.639
34.64
34.641
34.642
34.643
34.644
34.645
34.646
34.647
34.648
34.649
34.65
34.651
34.652
34.653
34.654
34.655
34.656
34.657000000000004
34.658
34.659
34.660000000000004
34.661
34.662
34.663000000000004
34.664
34.665
34.666000000000004
34.667
34.668
34.669000000000004
34.67
34.671
34.672000000000004
34.673
34.674
34.675000000000004
34.676
34.677
34.678
34.679
34.68
34.681
34.682
34.683
34.684
34.685
34.686
34.687
34.688
34.689
34.69
34.691
34.692
34.693
34.694
34.695
34.696
34.697
34.698
34.699
34.7
34.701
34.702
34.703
34.704
34.705
34.706
34.707
34.708
34.709
34.71
34.711
34.712
34.713
34.714
34.715
34.716
34.717
34.718
34.719
34.72
34.721000000000004
34.722
34.723
34.724000000000004
34.725
34.726
34.727000000000004
34.728
34.729
34.730000000000004
34.731
34.732
34.733000000000004
34.734
34.735
34.736000000000004
34.737
34.738
34.739
34.74
34.741
34.742
34.743
34.744
34.745
34.746
34.747
34.748
34.749
34.75
34.751
34.752
34.753
34.754
34.755
34.756
34.757
34.758
34.759
34.76
34.761
34.762
34.763
34.764
34.765
34.766
34.767
34.768
34.769
34.77
34.771
34.772
34.773
34.774
34.775
34.776
34.777
34.778
34.779
34.78
34.781
34.782000000000004
34.783
34.784
34.785000000000004
34.786
34.787
34.788000000000004
34.789
34.79
34.791000000000004
34.792
34.793
34.794000000000004
34.795
34.796
34.797000000000004
34.798
34.799
34.800000000000004
34.801
34.802
34.803
34.804
34.805
34.806
34.807
34.808
34.809
34.81
34.811
34.812
34.813
34.814
34.815
34.816
34.817
34.818
34.819
34.82
34.821
34.822
34.823
34.824
34.825
34.826
34.827
34.828
34.829
34.83
34.831
34.832
34.833
34.834
34.835
34.836
34.837
34.838
34.839
34.84
34.841
34.842
34.843
34.844
34.845
34.846000000000004
34.847
34.848
34.849000000000004
34.85
34.851
34.852000000000004
34.853
34.854
34.855000000000004
34.856
34.857
34.858000000000004
34.859
34.86
34.861000000000004
34.862
34.863
34.864
34.865
34.866
34.867
34.868
34.869
34.87
34.871
34.872
34.873
34.874
34.875
34.876
34.877
34.878
34.879
34.88
34.881
34.882
34.883
34.884
34.885
34.886
34.887
34.888
34.889
34.89
34.891
34.892
34.893
34.894
34.895
34.896
34.897
34.898
34.899
34.9
34.901
34.902
34.903
34.904
34.905
34.906
34.907000000000004
34.908
34.909
34.910000000000004
34.911
34.912
34.913000000000004
34.914
34.915
34.916000000000004
34.917
34.918
34.919000000000004
34.92
34.921
34.922000000000004
34.923
34.924
34.925000000000004
34.926
34.927
34.928
34.929
34.93
34.931
34.932
34.933
34.934
34.935
34.936
34.937
34.938
34.939
34.94
34.941
34.942
34.943
34.944
34.945
34.946
34.947
34.948
34.949
34.95
34.951
34.952
34.953
34.954
34.955
34.956
34.957
34.958
34.959
34.96
34.961
34.962
34.963
34.964
34.965
34.966
34.967
34.968
34.969
34.97
34.971000000000004
34.972
34.973
34.974000000000004
34.975
34.976
34.977000000000004
34.978
34.979
34.980000000000004
34.981
34.982
34.983000000000004
34.984
34.985
34.986000000000004
34.987
34.988
34.989
34.99
34.991
34.992
34.993
34.994
34.995
34.996
34.997
34.998
34.999
35.0
35.001
35.002
35.003
35.004
35.005
35.006
35.007
35.008
35.009
35.01
35.011
35.012
35.013
35.014
35.015
35.016
35.017
35.018
35.019
35.02
35.021
35.022
35.023
35.024
35.025
35.026
35.027
35.028
35.029
35.03
35.031
35.032000000000004
35.033
35.034
35.035000000000004
35.036
35.037
35.038000000000004
35.039
35.04
35.041000000000004
35.042
35.043
35.044000000000004
35.045
35.046
35.047000000000004
35.048
35.049
35.050000000000004
35.051
35.052
35.053
35.054
35.055
35.056
35.057
35.058
35.059
35.06
35.061
35.062
35.063
35.064
35.065
35.066
35.067
35.068
35.069
35.07
35.071
35.072
35.073
35.074
35.075
35.076
35.077
35.078
35.079
35.08
35.081
35.082
35.083
35.084
35.085
35.086
35.087
35.088
35.089
35.09
35.091
35.092
35.093
35.094
35.095
35.096000000000004
35.097
35.098
35.099000000000004
35.1
35.101
35.102000000000004
35.103
35.104
35.105000000000004
35.106
35.107
35.108000000000004
35.109
35.11
35.111000000000004
35.112
35.113
35.114
35.115
35.116
35.117
35.118
35.119
35.12
35.121
35.122
35.123
35.124
35.125
35.126
35.127
35.128
35.129
35.13
35.131
35.132
35.133
35.134
35.135
35.136
35.137
35.138
35.139
35.14
35.141
35.142
35.143
35.144
35.145
35.146
35.147
35.148
35.149
35.15
35.151
35.152
35.153
35.154
35.155
35.156
35.157000000000004
35.158
35.159
35.160000000000004
35.161
35.162
35.163000000000004
35.164
35.165
35.166000000000004
35.167
35.168
35.169000000000004
35.17
35.171
35.172000000000004
35.173
35.174
35.175000000000004
35.176
35.177
35.178
35.179
35.18
35.181
35.182
35.183
35.184
35.185
35.186
35.187
35.188
35.189
35.19
35.191
35.192
35.193
35.194
35.195
35.196
35.197
35.198
35.199
35.2
35.201
35.202
35.203
35.204
35.205
35.206
35.207
35.208
35.209
35.21
35.211
35.212
35.213
35.214
35.215
35.216
35.217
35.218
35.219
35.22
35.221000000000004
35.222
35.223
35.224000000000004
35.225
35.226
35.227000000000004
35.228
35.229
35.230000000000004
35.231
35.232
35.233000000000004
35.234
35.235
35.236000000000004
35.237
35.238
35.239
35.24
35.241
35.242
35.243
35.244
35.245
35.246
35.247
35.248
35.249
35.25
35.251
35.252
35.253
35.254
35.255
35.256
35.257
35.258
35.259
35.26
35.261
35.262
35.263
35.264
35.265
35.266
35.267
35.268
35.269
35.27
35.271
35.272
35.273
35.274
35.275
35.276
35.277
35.278
35.279
35.28
35.281
35.282000000000004
35.283
35.284
35.285000000000004
35.286
35.287
35.288000000000004
35.289
35.29
35.291000000000004
35.292
35.293
35.294000000000004
35.295
35.296
35.297000000000004
35.298
35.299
35.300000000000004
35.301
35.302
35.303
35.304
35.305
35.306
35.307
35.308
35.309
35.31
35.311
35.312
35.313
35.314
35.315
35.316
35.317
35.318
35.319
35.32
35.321
35.322
35.323
35.324
35.325
35.326
35.327
35.328
35.329
35.33
35.331
35.332
35.333
35.334
35.335
35.336
35.337
35.338
35.339
35.34
35.341
35.342
35.343
35.344
35.345
35.346000000000004
35.347
35.348
35.349000000000004
35.35
35.351
35.352000000000004
35.353
35.354
35.355000000000004
35.356
35.357
35.358000000000004
35.359
35.36
35.361000000000004
35.362
35.363
35.364
35.365
35.366
35.367
35.368
35.369
35.37
35.371
35.372
35.373
35.374
35.375
35.376
35.377
35.378
35.379
35.38
35.381
35.382
35.383
35.384
35.385
35.386
35.387
35.388
35.389
35.39
35.391
35.392
35.393
35.394
35.395
35.396
35.397
35.398
35.399
35.4
35.401
35.402
35.403
35.404
35.405
35.406
35.407000000000004
35.408
35.409
35.410000000000004
35.411
35.412
35.413000000000004
35.414
35.415
35.416000000000004
35.417
35.418
35.419000000000004
35.42
35.421
35.422000000000004
35.423
35.424
35.425000000000004
35.426
35.427
35.428
35.429
35.43
35.431
35.432
35.433
35.434
35.435
35.436
35.437
35.438
35.439
35.44
35.441
35.442
35.443
35.444
35.445
35.446
35.447
35.448
35.449
35.45
35.451
35.452
35.453
35.454
35.455
35.456
35.457
35.458
35.459
35.46
35.461
35.462
35.463
35.464
35.465
35.466
35.467
35.468
35.469
35.47
35.471000000000004
35.472
35.473
35.474000000000004
35.475
35.476
35.477000000000004
35.478
35.479
35.480000000000004
35.481
35.482
35.483000000000004
35.484
35.485
35.486000000000004
35.487
35.488
35.489
35.49
35.491
35.492
35.493
35.494
35.495
35.496
35.497
35.498
35.499
