-3.875
-3.875
-3.875
-3.875
-3.875
-3.875
-3.875
-3.875
-3.875
-3.875
-3.875
-3.875
-3.875
-3.875
-3.875
-3.875
-3.875
-3.875
-3.875
-3.875
-3.875
-3.875
-3.875
-3.875
-3.875
-3.875
-3.875
-3.875
-3.875
-3.875
-3.875
-3.875
-3.875
-3.875
-3.875
-3.875
-3.875
-3.875
-3.875
-3.875
-3.875
-3.875
-3.875
-3.875
-3.875
-3.875
-3.875
-3.875
-3.875
-3.875
-3.875
-3.875
-3.875
-3.875
-3.875
-3.875
-3.875
-3.875
-3.875
-3.875
-3.875
-3.875
-3.875
-3.875
-3.875
-3.875
-3.875
-3.875
-3.875
-3.875
-3.875
-3.875
-3.875
-3.875
-3.875
-3.875
-3.875
-3.875
-3.875
-3.875
-3.875
-3.875
-3.875
-3.875
-3.875
-3.875
-3.875
-3.875
-3.875
-3.875
-3.875
-3.875
-3.875
-3.875
-3.875
-3.875
-3.875
-3.875
-3.875
-3.875
-3.875
-3.875
-3.875
-3.875
-3.875
-3.875
-3.875
-3.875
-3.875
-3.875
-3.875
-3.875
-3.875
-3.875
-3.875
-3.875
-3.875
-3.875
-3.875
-3.875
-3.875
-3.875
-3.875
-3.875
-3.875
-3.875
-3.875
-3.875
-3.875
-3.875
-3.875
-3.875
-3.875
-3.875
-3.875
-3.875
-3.875
-3.875
-3.875
-3.875
-3.875
-3.875
-3.875
-3.875
-3.875
-3.875
-3.875
-3.875
-3.875
-3.875
-3.875
-3.875
-3.875
-3.875
-3.875
-3.875
-3.875
-3.875
-3.875
-3.875
-3.875
-3.875
-3.875
-3.875
-3.875
-3.875
-3.875
-3.875
-3.875
-3.875
-3.875
-3.875
-3.875
-3.875
-3.875
-3.875
-3.875
-3.875
-3.875
-3.875
-3.875
-3.875
-3.875
-3.875
-3.875
-3.875
-3.875
-3.875
-3.875
-3.875
-3.875
-3.875
-3.875
-3.875
-3.875
-3.875
-3.875
-3.875
-3.875
-3.875
-3.875
-3.875
-3.875
-3.875
-3.875
-3.875
-3.875
-3.875
-3.875
-3.875
-3.875
-3.875
-3.875
-3.875
-3.875
-3.875
-3.875
-3.875
-3.875
-3.875
-3.875
-3.875
-3.875
-3.875
-3.875
-3.875
-3.875
-3.875
-3.875
-3.875
-3.875
-3.875
-3.875
-3.875
-3.875
-3.875
-3.875
-3.875
-3.875
-3.875
-3.875
-3.875
-3.875
-3.875
-3.875
-3.875
-3.875
-3.875
-3.875
-3.875
-3.875
-3.875
-3.875
-3.875
-3.875
-3.875
-3.875
-3.875
-3.875
-3.875
-3.875
-3.875
-3.875
-3.875
-3.875
-3.875
-3.875
-3.875
-3.875
-3.875
-3.875
-3.875
-3.875
-3.875
-3.875
-3.875
-3.875
-3.875
-3.875
-3.875
-3.875
-3.875
-3.875
-3.875
-3.875
-3.875
-3.875
-3.875
-3.875
-3.875
-3.875
-3.875
-3.875
-3.875
-3.875
-3.875
-3.875
-3.875
-3.875
-3.875
-3.875
-3.875
-3.875
-3.875
-3.875
-3.875
-3.875
-3.875
-3.875
-3.875
-3.875
-3.875
-3.875
-3.875
-3.875
-3.875
-3.875
-3.875
-3.875
-3.875
-3.875
-3.875
-3.875
-3.875
-3.875
-3.875
-3.875
-3.875
-3.875
-3.875
-3.875
-3.875
-3.875
-3.875
-3.875
-3.875
-3.875
-3.875
-3.875
-3.875
-3.875
-3.875
-3.875
-3.875
-3.875
-3.875
-3.875
-3.875
-3.875
-3.875
-3.875
-3.875
-3.875
-3.875
-3.875
-3.875
-3.875
-3.875
-3.875
-3.875
-3.875
-3.875
-3.875
-3.875
-3.875
-3.875
-3.875
-3.875
-3.875
-3.875
-3.875
-3.875
-3.875
-3.875
-3.875
-3.875
-3.875
-3.875
-3.875
-3.875
-3.875
-3.875
-3.875
-3.875
-3.875
-3.875
-3.875
-3.875
-3.875
-3.875
-3.875
-3.875
-3.875
-3.875
-3.875
-3.875
-3.875
-3.875
-3.875
-3.875
-3.875
-3.875
-3.875
-3.875
-3.875
-3.875
-3.875
-3.875
-3.875
-3.875
-3.875
-3.875
-3.875
-3.875
-3.875
-3.875
-3.875
-3.875
-3.875
-3.875
-3.875
-3.875
-3.875
-3.875
-3.875
-3.875
-3.875
-3.875
-3.875
-3.875
-3.875
-3.875
-3.875
-3.875
-3.875
-3.875
-3.875
-3.875
-3.875
-3.875
-3.875
-3.875
-3.875
-3.875
-3.875
-3.875
-3.875
-3.875
-3.875
-3.875
-3.875
-3.875
-3.875
-3.875
-3.875
-3.875
-3.875
-3.875
-3.875
-3.875
-3.875
-3.875
-3.875
-3.875
-3.875
-3.875
-3.875
-3.875
-3.875
-3.875
-3.875
-3.875
-3.875
-3.875
-3.875
-3.875
-3.875
-3.875
-3.875
-3.875
-3.875
-3.875
-3.875
-3.875
-3.875
-3.875
-3.875
-3.875
-3.875
-3.875
-3.875
-3.875
-3.875
-3.875
-3.875
-3.875
-3.875
-3.875
-3.875
-3.875
-3.875
-3.875
-3.875
-3.875
-3.875
-3.875
-3.875
-3.875
-3.875
-3.875
-3.875
-3.875
-3.875
-3.875
-3.875
-3.875
-3.875
-3.875
-3.875
-3.875
-3.875
-3.875
-3.875
-3.875
-3.875
-3.875
-3.875
-3.75
-3.59375
-3.46875
-3.375
-3.25
-3.125
-3.03125
-2.90625
-2.8125
-2.6875
-2.5625
-2.40625
-2.25
-2.0625
-1.875
-1.625
-1.3125
-0.9375
-0.4375
0.21875
1.15625
2.40625
3.875
5.3125
6.3125
6.59375
6.3125
5.625
4.78125
3.90625
3.0625
2.25
1.46875
0.71875
-0.0625
-0.9375
-1.9375
-3.0
-4.0625
-4.96875
-5.625
-6.03125
-6.25
-6.28125
-6.25
-6.15625
-6.03125
-5.90625
-5.78125
-5.65625
-5.53125
-5.40625
-5.28125
-5.1875
-5.0625
-4.96875
-4.875
-4.78125
-4.6875
-4.59375
-4.53125
-4.4375
-4.375
-4.28125
-4.21875
-4.15625
-4.09375
-4.03125
-3.96875
-3.90625
-3.84375
-3.78125
-3.71875
-3.65625
-3.59375
-3.53125
-3.46875
-3.40625
-3.34375
-3.28125
-3.21875
-3.15625
-3.09375
-3.0
-2.9375
-2.84375
-2.75
-2.625
-2.53125
-2.40625
-2.25
-2.09375
-1.875
-1.65625
-1.375
-1.03125
-0.5625
0.0625
0.90625
2.09375
3.53125
5.0
6.125
6.59375
6.40625
5.8125
5.0
4.125
3.25
2.4375
1.65625
0.90625
0.125
-0.71875
-1.6875
-2.75
-3.8125
-4.75
-5.5
-5.96875
-6.21875
-6.28125
-6.25
-6.1875
-6.0625
-5.9375
-5.8125
-5.6875
-5.5625
-5.4375
-5.3125
-5.21875
-5.09375
-5.0
-4.90625
-4.8125
-4.71875
-4.625
-4.53125
-4.46875
-4.375
-4.3125
-4.25
-4.1875
-4.09375
-4.03125
-3.96875
-3.90625
-3.84375
-3.78125
-3.71875
-3.6875
-3.625
-3.5625
-3.5
-3.4375
-3.375
-3.3125
-3.25
-3.15625
-3.09375
-3.03125
-2.9375
-2.84375
-2.78125
-2.65625
-2.5625
-2.4375
-2.28125
-2.125
-1.9375
-1.71875
-1.46875
-1.125
-0.6875
-0.125
0.65625
1.75
3.125
4.625
5.875
6.53125
6.53125
6.0
5.21875
4.34375
3.5
2.65625
1.875
1.09375
0.34375
-0.46875
-1.40625
-2.4375
-3.5
-4.5
-5.3125
-5.84375
-6.15625
-6.28125
-6.28125
-6.21875
-6.09375
-5.96875
-5.84375
-5.71875
-5.59375
-5.46875
-5.34375
-5.25
-5.125
-5.03125
-4.9375
-4.8125
-4.75
-4.65625
-4.5625
-4.46875
-4.40625
-4.34375
-4.25
-4.1875
-4.125
-4.0625
-4.0
-3.9375
-3.875
-3.8125
-3.75
-3.6875
-3.625
-3.5625
-3.5
-3.4375
-3.375
-3.3125
-3.25
-3.1875
-3.125
-3.03125
-2.96875
-2.875
-2.78125
-2.6875
-2.59375
-2.46875
-2.3125
-2.15625
-2.0
-1.78125
-1.53125
-1.1875
-0.8125
-0.28125
0.46875
1.46875
2.8125
4.3125
5.625
6.4375
6.5625
6.15625
5.40625
4.5625
3.6875
2.8125
2.03125
1.25
0.5
-0.28125
-1.21875
-2.21875
-3.3125
-4.3125
-5.15625
-5.78125
-6.125
-6.25
-6.28125
-6.21875
-6.125
-6.0
-5.875
-5.75
-5.625
-5.5
-5.375
-5.25
-5.15625
-5.03125
-4.9375
-4.84375
-4.75
-4.65625
-4.59375
-4.5
-4.4375
-4.34375
-4.28125
-4.21875
-4.125
-4.0625
-4.0
-3.9375
-3.875
-3.8125
-3.75
-3.6875
-3.65625
-3.59375
-3.53125
-3.46875
-3.40625
-3.34375
-3.28125
-3.1875
-3.125
-3.0625
-2.96875
-2.90625
-2.8125
-2.71875
-2.59375
-2.46875
-2.34375
-2.1875
-2.03125
-1.8125
-1.5625
-1.25
-0.875
-0.375
0.3125
1.25
2.53125
4.03125
5.40625
6.34375
6.59375
6.25
5.5625
4.71875
3.84375
2.96875
2.15625
1.40625
0.65625
-0.125
-1.03125
-2.03125
-3.09375
-4.125
-5.03125
-5.65625
-6.0625
-6.25
-6.28125
-6.25
-6.15625
-6.03125
-5.90625
-5.78125
-5.65625
-5.53125
-5.40625
-5.28125
-5.15625
-5.0625
-4.96875
-4.875
-4.78125
-4.6875
-4.59375
-4.53125
-4.4375
-4.375
-4.28125
-4.21875
-4.15625
-4.09375
-4.03125
-3.96875
-3.90625
-3.84375
-3.78125
-3.71875
-3.65625
-3.59375
-3.53125
-3.46875
-3.40625
-3.34375
-3.28125
-3.21875
-3.15625
-3.0625
-3.0
-2.90625
-2.84375
-2.75
-2.625
-2.53125
-2.375
-2.25
-2.0625
-1.875
-1.65625
-1.375
-1.0
-0.53125
0.0625
0.9375
2.125
3.59375
5.03125
6.15625
6.59375
6.40625
5.78125
4.96875
4.09375
3.21875
2.40625
1.625
0.875
0.09375
-0.75
-1.71875
-2.78125
-3.84375
-4.78125
-5.5
-5.96875
-6.21875
-6.28125
-6.25
-6.1875
-6.0625
-5.9375
-5.8125
-5.6875
-5.5625
-5.4375
-5.3125
-5.1875
-5.09375
-5.0
-4.90625
-4.8125
-4.71875
-4.625
-4.53125
-4.46875
-4.375
-4.3125
-4.25
-4.15625
-4.09375
-4.03125
-3.96875
-3.90625
-3.84375
-3.78125
-3.71875
-3.65625
-3.625
-3.5625
-3.5
-3.4375
-3.375
-3.3125
-3.25
-3.15625
-3.09375
-3.03125
-2.9375
-2.84375
-2.75
-2.65625
-2.5625
-2.4375
-2.28125
-2.125
-1.9375
-1.71875
-1.4375
-1.09375
-0.6875
-0.09375
0.6875
1.78125
3.1875
4.65625
5.90625
6.53125
6.5
5.96875
5.1875
4.3125
3.4375
2.625
1.84375
1.0625
0.3125
-0.5
-1.4375
-2.5
-3.5625
-4.53125
-5.34375
-5.875
-6.15625
-6.28125
-6.28125
-6.1875
-6.09375
-5.96875
-5.84375
-5.71875
-5.59375
-5.46875
-5.34375
-5.21875
-5.125
-5.03125
-4.90625
-4.8125
-4.71875
-4.65625
-4.5625
-4.46875
-4.40625
-4.34375
-4.25
-4.1875
-4.125
-4.0625
-4.0
-3.9375
-3.875
-3.8125
-3.75
-3.6875
-3.625
-3.5625
-3.5
-3.4375
-3.375
-3.3125
-3.25
-3.1875
-3.125
-3.03125
-2.96875
-2.875
-2.78125
-2.6875
-2.59375
-2.46875
-2.3125
-2.15625
-2.0
-1.78125
-1.53125
-1.1875
-0.8125
-0.28125
0.46875
1.46875
2.8125
4.3125
5.625
6.4375
6.5625
6.15625
5.40625
4.5625
3.6875
2.8125
2.03125
1.25
0.5
-0.28125
-1.21875
-2.21875
-3.3125
-4.3125
-5.15625
-5.78125
-6.125
-6.25
-6.28125
-6.21875
-6.125
-6.0
-5.875
-5.75
-5.625
-5.5
-5.375
-5.25
-5.15625
-5.03125
-4.9375
-4.84375
-4.75
-4.65625
-4.59375
-4.5
-4.4375
-4.34375
-4.28125
-4.21875
-4.125
-4.0625
-4.0
-3.9375
-3.875
-3.8125
-3.75
-3.6875
-3.65625
-3.59375
-3.53125
-3.46875
-3.40625
-3.34375
-3.28125
-3.1875
-3.125
-3.0625
-2.96875
-2.90625
-2.8125
-2.71875
-2.59375
-2.46875
-2.34375
-2.1875
-2.03125
-1.8125
-1.5625
-1.25
-0.875
-0.375
0.3125
1.25
2.53125
4.03125
5.40625
6.34375
6.59375
6.25
5.5625
4.71875
3.84375
2.96875
2.15625
1.40625
0.65625
-0.125
-1.03125
-2.03125
-3.09375
-4.125
-5.03125
-5.65625
-6.0625
-6.25
-6.28125
-6.25
-6.15625
-6.03125
-5.90625
-5.78125
-5.65625
-5.53125
-5.40625
-5.28125
-5.15625
-5.0625
-4.96875
-4.875
-4.78125
-4.6875
-4.59375
-4.53125
-4.4375
-4.375
-4.28125
-4.21875
-4.15625
-4.09375
-4.03125
-3.96875
-3.90625
-3.84375
-3.78125
-3.71875
-3.65625
-3.59375
-3.53125
-3.46875
-3.40625
-3.34375
-3.28125
-3.21875
-3.15625
-3.0625
-3.0
-2.90625
-2.84375
-2.75
-2.625
-2.53125
-2.375
-2.25
-2.0625
-1.875
-1.65625
-1.375
-1.0
-0.53125
0.0625
0.9375
2.125
3.59375
5.03125
6.15625
6.59375
6.40625
5.78125
4.96875
4.09375
3.21875
2.40625
1.625
0.875
0.09375
-0.75
-1.71875
-2.78125
-3.84375
-4.78125
-5.5
-5.96875
-6.21875
-6.28125
-6.25
-6.1875
-6.0625
-5.9375
-5.8125
-5.6875
-5.5625
-5.4375
-5.3125
-5.1875
-5.09375
-5.0
-4.90625
-4.8125
-4.71875
-4.625
-4.53125
-4.46875
-4.375
-4.3125
-4.25
-4.15625
-4.09375
-4.03125
-3.96875
-3.90625
-3.84375
-3.78125
-3.71875
-3.65625
-3.625
-3.5625
-3.5
-3.4375
-3.375
-3.3125
-3.25
-3.15625
-3.09375
-3.03125
-2.9375
-2.84375
-2.75
-2.65625
-2.5625
-2.4375
-2.28125
-2.125
-1.9375
-1.71875
-1.4375
-1.09375
-0.6875
-0.09375
0.6875
1.78125
3.1875
4.65625
5.90625
6.53125
6.5
5.96875
5.1875
4.3125
3.4375
2.625
1.84375
1.0625
0.3125
-0.5
-1.4375
-2.5
-3.5625
-4.53125
-5.34375
-5.875
-6.15625
-6.28125
-6.28125
-6.1875
-6.09375
-5.96875
-5.84375
-5.71875
-5.59375
-5.46875
-5.34375
-5.21875
-5.125
-5.03125
-4.90625
-4.8125
-4.71875
-4.65625
-4.5625
-4.46875
-4.40625
-4.34375
-4.25
-4.1875
-4.125
-4.0625
-4.0
-3.9375
-3.875
-3.8125
-3.75
-3.6875
-3.625
-3.5625
-3.5
-3.4375
-3.375
-3.3125
-3.25
-3.1875
-3.125
-3.03125
-2.96875
-2.875
-2.78125
-2.6875
-2.59375
-2.46875
-2.3125
-2.15625
-2.0
-1.78125
-1.53125
-1.1875
-0.8125
-0.28125
0.46875
1.46875
2.8125
4.3125
5.625
6.4375
6.5625
6.15625
5.40625
4.5625
3.6875
2.8125
2.03125
1.25
0.5
-0.28125
-1.21875
-2.21875
-3.3125
-4.3125
-5.15625
-5.78125
-6.125
-6.25
-6.28125
-6.21875
-6.125
-6.0
-5.875
-5.75
-5.625
-5.5
-5.375
-5.25
-5.15625
-5.03125
-4.9375
-4.84375
-4.75
-4.65625
-4.59375
-4.5
-4.4375
-4.34375
-4.28125
-4.21875
-4.125
-4.0625
-4.0
-3.9375
-3.875
-3.8125
-3.75
-3.6875
-3.65625
-3.59375
-3.53125
-3.46875
-3.40625
-3.34375
-3.28125
-3.1875
-3.125
-3.0625
-2.96875
-2.90625
-2.8125
-2.71875
-2.59375
-2.46875
-2.34375
-2.1875
-2.03125
-1.8125
-1.5625
-1.25
-0.875
-0.375
0.3125
1.25
2.53125
4.03125
5.40625
6.34375
6.59375
6.25
5.5625
4.71875
3.84375
2.96875
2.15625
1.40625
0.65625
-0.125
-1.03125
-2.03125
-3.09375
-4.125
-5.03125
-5.65625
-6.0625
-6.25
-6.28125
-6.25
-6.15625
-6.03125
-5.90625
-5.78125
-5.65625
-5.53125
-5.40625
-5.28125
-5.15625
-5.0625
-4.96875
-4.875
-4.78125
-4.6875
-4.59375
-4.53125
-4.59375
-4.625
-4.65625
-4.65625
-4.65625
-4.65625
-4.625
-4.625
-4.59375
-4.5625
-4.53125
-4.5
-4.46875
-4.4375
-4.40625
-4.40625
-4.375
-4.34375
-4.3125
-4.28125
-4.28125
-4.25
-4.21875
-4.21875
-4.1875
-4.1875
-4.15625
-4.15625
-4.125
-4.125
-4.09375
-4.09375
-4.09375
-4.0625
-4.0625
-4.0625
-4.03125
-4.03125
-4.03125
-4.0
-4.0
-4.0
-4.0
-4.0
-3.96875
-3.96875
-3.96875
-3.96875
-3.96875
-3.9375
-3.9375
-3.9375
-3.9375
-3.9375
-3.9375
-3.9375
-3.9375
-3.9375
-3.90625
-3.90625
-3.90625
-3.90625
-3.90625
-3.90625
-3.90625
-3.90625
-3.90625
-3.90625
-3.90625
-3.90625
-3.90625
-3.90625
-3.90625
-3.875
-3.875
-3.875
-3.875
-3.875
-3.875
-3.875
-3.875
-3.875
-3.875
-3.875
-3.875
-3.875
-3.875
-3.875
-3.875
-3.875
-3.875
-3.875
-3.875
-3.875
-3.875
-3.875
-3.875
-3.875
-3.875
-3.875
-3.875
-3.875
-3.875
-3.875
-3.875
-3.875
-3.875
-3.875
-3.875
-3.875
-3.875
-3.875
-3.875
-3.875
-3.875
-3.875
-3.875
-3.875
-3.875
-3.875
-3.875
-3.875
-3.875
-3.875
-3.875
-3.875
-3.875
-3.875
-3.875
-3.875
-3.875
-3.875
-3.875
-3.875
-3.875
-3.875
-3.875
-3.875
-3.875
-3.875
-3.875
-3.875
-3.875
-3.875
-3.875
-3.875
-3.875
-3.875
-3.875
-3.875
-3.875
-3.875
-3.875
-3.875
-3.875
-3.875
-3.875
-3.875
-3.875
-3.875
-3.875
-3.875
-3.875
-3.875
-3.875
-3.875
-3.875
-3.875
-3.875
-3.875
-3.875
-3.875
-3.875
-3.875
-3.875
-3.875
-3.875
-3.875
-3.875
-3.875
-3.875
-3.875
-3.875
-3.875
-3.875
-3.875
-3.875
-3.875
-3.875
-3.875
-3.875
-3.875
-3.875
-3.875
-3.875
-3.875
-3.875
-3.875
-3.875
-3.875
-3.875
-3.875
-3.875
-3.875
-3.875
-3.875
-3.875
-3.875
-3.875
-3.875
-3.875
-3.875
-3.875
-3.875
-3.875
-3.875
-3.875
-3.875
-3.875
-3.875
-3.875
-3.875
-3.875
-3.875
-3.875
-3.875
-3.875
-3.875
-3.875
-3.875
-3.875
-3.875
-3.875
-3.875
-3.875
-3.875
-3.875
-3.875
-3.875
-3.875
-3.875
-3.875
-3.875
-3.875
-3.875
-3.875
-3.875
-3.875
-3.875
-3.875
-3.875
-3.875
-3.875
-3.875
-3.875
-3.875
-3.875
-3.875
-3.875
-3.875
-3.875
-3.875
-3.875
-3.875
-3.875
-3.875
-3.875
-3.875
-3.875
-3.875
-3.875
-3.875
-3.875
-3.875
-3.875
-3.875
-3.875
-3.875
-3.875
-3.875
-3.875
-3.875
-3.875
-3.875
-3.875
-3.875
-3.875
-3.875
-3.875
-3.875
-3.875
-3.875
-3.875
-3.875
-3.875
-3.875
-3.875
-3.875
-3.875
-3.875
-3.875
-3.875
-3.875
-3.875
-3.875
-3.875
-3.875
-3.875
-3.875
-3.875
-3.875
-3.875
-3.875
-3.875
-3.875
-3.875
-3.875
-3.875
-3.875
-3.875
-3.875
-3.875
-3.875
-3.875
-3.875
-3.875
-3.875
-3.875
-3.875
-3.875
-3.875
-3.875
-3.875
-3.875
-3.875
-3.875
-3.875
-3.875
-3.875
-3.875
-3.875
-3.875
-3.875
-3.875
-3.875
-3.875
-3.875
-3.875
-3.875
-3.875
-3.875
-3.875
-3.875
-3.875
-3.875
-3.875
-3.875
-3.875
-3.875
-3.875
-3.875
-3.875
-3.875
-3.875
-3.875
-3.875
-3.875
-3.875
-3.875
-3.875
-3.875
-3.875
-3.875
-3.875
-3.875
-3.875
-3.875
-3.875
-3.875
-3.875
-3.875
-3.875
-3.875
-3.875
-3.875
-3.875
-3.875
-3.875
-3.875
-3.875
-3.875
-3.875
-3.875
-3.875
-3.875
-3.875
-3.875
-3.875
-3.875
-3.875
-3.875
-3.875
-3.875
-3.875
-3.875
-3.875
-3.875
-3.875
-3.875
-3.875
-3.875
-3.875
-3.875
-3.875
-3.875
-3.875
-3.875
-3.875
-3.875
-3.875
-3.875
-3.875
-3.875
-3.875
-3.875
-3.875
-3.875
-3.875
-3.875
-3.875
-3.875
-3.875
-3.875
-3.875
-3.875
-3.875
-3.875
-3.875
-3.875
-3.875
-3.875
-3.875
-3.875
-3.875
-3.875
-3.875
-3.875
-3.875
-3.875
-3.875
-3.875
-3.875
-3.875
-3.875
-3.875
-3.875
-3.875
-3.875
-3.875
-3.875
-3.875
-3.875
-3.875
-3.875
-3.875
-3.875
-3.875
-3.875
-3.875
-3.875
-3.875
-3.875
-3.875
