9.75
9.751
9.752
9.753
9.754
9.755
9.756
9.757
9.758000000000001
9.759
9.76
9.761000000000001
9.762
9.763
9.764
9.765
9.766
9.767
9.768
9.769
9.77
9.771
9.772
9.773
9.774000000000001
9.775
9.776
9.777000000000001
9.778
9.779
9.78
9.781
9.782
9.783
9.784
9.785
9.786
9.787
9.788
9.789
9.790000000000001
9.791
9.792
9.793000000000001
9.794
9.795
9.796
9.797
9.798
9.799
9.8
9.801
9.802
9.803
9.804
9.805
9.806000000000001
9.807
9.808
9.809000000000001
9.81
9.811
9.812
9.813
9.814
9.815
9.816
9.817
9.818
9.819
9.82
9.821
9.822000000000001
9.823
9.824
9.825000000000001
9.826
9.827
9.828
9.829
9.83
9.831
9.832
9.833
9.834
9.835
9.836
9.837
9.838000000000001
9.839
9.84
9.841000000000001
9.842
9.843
9.844
9.845
9.846
9.847
9.848
9.849
9.85
9.851
9.852
9.853
9.854000000000001
9.855
9.856
9.857
9.858
9.859
9.86
9.861
9.862
9.863
9.864
9.865
9.866
9.867
9.868
9.869
9.870000000000001
9.871
9.872
9.873
9.874
9.875
9.876
9.877
9.878
9.879
9.88
9.881
9.882
9.883000000000001
9.884
9.885
9.886000000000001
9.887
9.888
9.889
9.89
9.891
9.892
9.893
9.894
9.895
9.896
9.897
9.898
9.899000000000001
9.9
9.901
9.902000000000001
9.903
9.904
9.905
9.906
9.907
9.908
9.909
9.91
9.911
9.912
9.913
9.914
9.915000000000001
9.916
9.917
9.918000000000001
9.919
9.92
9.921
9.922
9.923
9.924
9.925
9.926
9.927
9.928
9.929
9.93
9.931000000000001
9.932
9.933
9.934000000000001
9.935
9.936
9.937
9.938
9.939
9.94
9.941
9.942
9.943
9.944
9.945
9.946
9.947000000000001
9.948
9.949
9.950000000000001
9.951
9.952
9.953
9.954
9.955
9.956
9.957
9.958
9.959
9.96
9.961
9.962
9.963000000000001
9.964
9.965
9.966000000000001
9.967
9.968
9.969
9.97
9.971
9.972
9.973
9.974
9.975
9.976
9.977
9.978
9.979000000000001
9.98
9.981
9.982000000000001
9.983
9.984
9.985
9.986
9.987
9.988
9.989
9.99
9.991
9.992
9.993
9.994
9.995000000000001
9.996
9.997
9.998
9.999
10.0
10.001
10.002
10.003
10.004
10.005
10.006
10.007
10.008000000000001
10.009
10.01
10.011000000000001
10.012
10.013
10.014
10.015
10.016
10.017
10.018
10.019
10.02
10.021
10.022
10.023
10.024000000000001
10.025
10.026
10.027000000000001
10.028
10.029
10.03
10.031
10.032
10.033
10.034
10.035
10.036
10.037
10.038
10.039
10.040000000000001
10.041
10.042
10.043000000000001
10.044
10.045
10.046
10.047
10.048
10.049
10.05
10.051
10.052
10.053
10.054
10.055
10.056000000000001
10.057
10.058
10.059000000000001
10.06
10.061
10.062
10.063
10.064
10.065
10.066
10.067
10.068
10.069
10.07
10.071
10.072000000000001
10.073
10.074
10.075000000000001
10.076
10.077
10.078
10.079
10.08
10.081
10.082
10.083
10.084
10.085
10.086
10.087
10.088000000000001
10.089
10.09
10.091000000000001
10.092
10.093
10.094
10.095
10.096
10.097
10.098
10.099
10.1
10.101
10.102
10.103
10.104000000000001
10.105
10.106
10.107000000000001
10.108
10.109
10.11
10.111
10.112
10.113
10.114
10.115
10.116
10.117
10.118
10.119
10.120000000000001
10.121
10.122
10.123
10.124
10.125
10.126
10.127
10.128
10.129
10.13
10.131
10.132
10.133000000000001
10.134
10.135
10.136000000000001
10.137
10.138
10.139
10.14
10.141
10.142
10.143
10.144
10.145
10.146
10.147
10.148
10.149000000000001
10.15
10.151
10.152000000000001
10.153
10.154
10.155
10.156
10.157
10.158
10.159
10.16
10.161
10.162
10.163
10.164
10.165000000000001
10.166
10.167
10.168000000000001
10.169
10.17
10.171
10.172
10.173
10.174
10.175
10.176
10.177
10.178
10.179
10.18
10.181000000000001
10.182
10.183
10.184000000000001
10.185
10.186
10.187
10.188
10.189
10.19
10.191
10.192
10.193
10.194
10.195
10.196
10.197000000000001
10.198
10.199
10.200000000000001
10.201
10.202
10.203
10.204
10.205
10.206
10.207
10.208
10.209
10.21
10.211
10.212
10.213000000000001
10.214
10.215
10.216000000000001
10.217
10.218
10.219
10.22
10.221
10.222
10.223
10.224
10.225
10.226
10.227
10.228
10.229000000000001
10.23
10.231
10.232000000000001
10.233
10.234
10.235
10.236
10.237
10.238
10.239
10.24
10.241
10.242
10.243
10.244
10.245000000000001
10.246
10.247
10.248
10.249
10.25
10.251
10.252
10.253
10.254
10.255
10.256
10.257
10.258000000000001
10.259
10.26
10.261000000000001
10.262
10.263
10.264
10.265
10.266
10.267
10.268
10.269
10.27
10.271
10.272
10.273
10.274000000000001
10.275
10.276
10.277000000000001
10.278
10.279
10.28
10.281
10.282
10.283
10.284
10.285
10.286
10.287
10.288
10.289
10.290000000000001
10.291
10.292
10.293000000000001
10.294
10.295
10.296
10.297
10.298
10.299
10.3
10.301
10.302
10.303
10.304
10.305
10.306000000000001
10.307
10.308
10.309000000000001
10.31
10.311
10.312
10.313
10.314
10.315
10.316
10.317
10.318
10.319
10.32
10.321
10.322000000000001
10.323
10.324
10.325000000000001
10.326
10.327
10.328
10.329
10.33
10.331
10.332
10.333
10.334
10.335
10.336
10.337
10.338000000000001
10.339
10.34
10.341000000000001
10.342
10.343
10.344
10.345
10.346
10.347
10.348
10.349
10.35
10.351
10.352
10.353
10.354000000000001
10.355
10.356
10.357000000000001
10.358
10.359
10.36
10.361
10.362
10.363
10.364
10.365
10.366
10.367
10.368
10.369
10.370000000000001
10.371
10.372
10.373
10.374
10.375
10.376
10.377
10.378
10.379
10.38
10.381
10.382
10.383000000000001
10.384
10.385
10.386000000000001
10.387
10.388
10.389
10.39
10.391
10.392
10.393
10.394
10.395
10.396
10.397
10.398
10.399000000000001
10.4
10.401
10.402000000000001
10.403
10.404
10.405
10.406
10.407
10.408
10.409
10.41
10.411
10.412
10.413
10.414
10.415000000000001
10.416
10.417
10.418000000000001
10.419
10.42
10.421
10.422
10.423
10.424
10.425
10.426
10.427
10.428
10.429
10.43
10.431000000000001
10.432
10.433
10.434000000000001
10.435
10.436
10.437
10.438
10.439
10.44
10.441
10.442
10.443
10.444
10.445
10.446
10.447000000000001
10.448
10.449
10.450000000000001
10.451
10.452
10.453
10.454
10.455
10.456
10.457
10.458
10.459
10.46
10.461
10.462
10.463000000000001
10.464
10.465
10.466000000000001
10.467
10.468
10.469
10.47
10.471
10.472
10.473
10.474
10.475
10.476
10.477
10.478
10.479000000000001
10.48
10.481
10.482000000000001
10.483
10.484
10.485
10.486
10.487
10.488
10.489
10.49
10.491
10.492
10.493
10.494
10.495000000000001
10.496
10.497
10.498
10.499
10.5
10.501
10.502
10.503
10.504
10.505
10.506
10.507
10.508000000000001
10.509
10.51
10.511000000000001
10.512
10.513
10.514
10.515
10.516
10.517
10.518
10.519
10.52
10.521
10.522
10.523
10.524000000000001
10.525
10.526
10.527000000000001
10.528
10.529
10.53
10.531
10.532
10.533
10.534
10.535
10.536
10.537
10.538
10.539
10.540000000000001
10.541
10.542
10.543000000000001
10.544
10.545
10.546
10.547
10.548
10.549
10.55
10.551
10.552
10.553
10.554
10.555
10.556000000000001
10.557
10.558
10.559000000000001
10.56
10.561
10.562
10.563
10.564
10.565
10.566
10.567
10.568
10.569
10.57
10.571
10.572000000000001
10.573
10.574
10.575000000000001
10.576
10.577
10.578
10.579
10.58
10.581
10.582
10.583
10.584
10.585
10.586
10.587
10.588000000000001
10.589
10.59
10.591000000000001
10.592
10.593
10.594
10.595
10.596
10.597
10.598
10.599
10.6
10.601
10.602
10.603
10.604000000000001
10.605
10.606
10.607000000000001
10.608
10.609
10.61
10.611
10.612
10.613
10.614
10.615
10.616
10.617
10.618
10.619
10.620000000000001
10.621
10.622
10.623000000000001
10.624
10.625
10.626
10.627
10.628
10.629
10.63
10.631
10.632
10.633000000000001
10.634
10.635
10.636000000000001
10.637
10.638
10.639
10.64
10.641
10.642
10.643
10.644
10.645
10.646
10.647
10.648
10.649000000000001
10.65
10.651
10.652000000000001
10.653
10.654
10.655
10.656
10.657
10.658
10.659
10.66
10.661
10.662
10.663
10.664
10.665000000000001
10.666
10.667
10.668000000000001
10.669
10.67
10.671
10.672
10.673
10.674
10.675
10.676
10.677
10.678
10.679
10.68
10.681000000000001
10.682
10.683
10.684000000000001
10.685
10.686
10.687
10.688
10.689
10.69
10.691
10.692
10.693
10.694
10.695
10.696
10.697000000000001
10.698
10.699
10.700000000000001
10.701
10.702
10.703
10.704
10.705
10.706
10.707
10.708
10.709
10.71
10.711
10.712
10.713000000000001
10.714
10.715
10.716000000000001
10.717
10.718
10.719
10.72
10.721
10.722
10.723
10.724
10.725
10.726
10.727
10.728
10.729000000000001
10.73
10.731
10.732000000000001
10.733
10.734
10.735
10.736
10.737
10.738
10.739
10.74
10.741
10.742
10.743
10.744
10.745000000000001
10.746
10.747
10.748000000000001
10.749
