-4.375
-4.375
-4.375
-4.375
-4.375
-4.375
-4.375
-4.375
-4.375
-4.375
-4.375
-4.375
-4.375
-4.375
-4.375
-4.375
-4.375
-4.375
-4.375
-4.375
-4.375
-4.375
-4.375
-4.375
-4.375
-4.375
-4.375
-4.375
-4.375
-4.375
-4.375
-4.375
-4.375
-4.375
-4.375
-4.375
-4.375
-4.375
-4.375
-4.375
-4.375
-4.375
-4.375
-4.375
-4.375
-4.375
-4.375
-4.375
-4.375
-4.375
-4.375
-4.375
-4.375
-4.375
-4.375
-4.375
-4.375
-4.375
-4.375
-4.375
-4.375
-4.375
-4.375
-4.375
-4.375
-4.375
-4.375
-4.375
-4.375
-4.375
-4.375
-4.375
-4.375
-4.375
-4.375
-4.375
-4.375
-4.375
-4.375
-4.375
-4.375
-4.375
-4.375
-4.375
-4.375
-4.375
-4.375
-4.375
-4.375
-4.375
-4.375
-4.375
-4.375
-4.375
-4.375
-4.375
-4.375
-4.375
-4.375
-4.375
-4.375
-4.375
-4.375
-4.375
-4.375
-4.375
-4.375
-4.375
-4.375
-4.375
-4.375
-4.375
-4.375
-4.375
-4.375
-4.375
-4.375
-4.375
-4.375
-4.375
-4.375
-4.375
-4.375
-4.375
-4.375
-4.375
-4.375
-4.375
-4.375
-4.375
-4.375
-4.375
-4.375
-4.375
-4.375
-4.375
-4.375
-4.375
-4.375
-4.375
-4.375
-4.375
-4.375
-4.375
-4.375
-4.375
-4.375
-4.375
-4.375
-4.375
-4.375
-4.375
-4.375
-4.375
-4.375
-4.375
-4.375
-4.375
-4.375
-4.375
-4.375
-4.375
-4.375
-4.375
-4.375
-4.375
-4.375
-4.375
-4.375
-4.375
-4.375
-4.375
-4.375
-4.375
-4.375
-4.375
-4.375
-4.375
-4.375
-4.375
-4.375
-4.375
-4.375
-4.375
-4.375
-4.375
-4.375
-4.375
-4.375
-4.375
-4.375
-4.375
-4.375
-4.375
-4.375
-4.375
-4.375
-4.375
-4.375
-4.375
-4.375
-4.375
-4.375
-4.375
-4.375
-4.375
-4.375
-4.375
-4.375
-4.375
-4.375
-4.375
-4.375
-4.375
-4.375
-4.375
-4.375
-4.375
-4.375
-4.375
-4.375
-4.375
-4.375
-4.375
-4.375
-4.375
-4.375
-4.375
-4.375
-4.375
-4.375
-4.375
-4.375
-4.375
-4.375
-4.375
-4.375
-4.375
-4.375
-4.375
-4.375
-4.375
-4.375
-4.375
-4.375
-4.375
-4.375
-4.375
-4.375
-4.375
-4.375
-4.375
-4.375
-4.375
-4.375
-4.375
-4.375
-4.375
-4.375
-4.375
-4.375
-4.375
-4.375
-4.375
-4.375
-4.375
-4.375
-4.375
-4.375
-4.375
-4.375
-4.375
-4.375
-4.375
-4.375
-4.375
-4.375
-4.375
-4.375
-4.34375
-4.34375
-4.3125
-4.3125
-4.28125
-4.28125
-4.25
-4.25
-4.21875
-4.21875
-4.1875
-4.1875
-4.1875
-4.15625
-4.15625
-4.125
-4.125
-4.09375
-4.09375
-4.09375
-4.0625
-4.0625
-4.03125
-4.03125
-4.03125
-4.0
-4.0
-4.0
-3.96875
-3.96875
-3.96875
-3.9375
-3.9375
-3.9375
-3.90625
-3.90625
-3.90625
-3.875
-3.875
-3.875
-3.84375
-3.84375
-3.84375
-3.8125
-3.8125
-3.8125
-3.78125
-3.78125
-3.78125
-3.75
-3.75
-3.75
-3.75
-3.71875
-3.71875
-3.71875
-3.6875
-3.6875
-3.6875
-3.6875
-3.65625
-3.65625
-3.65625
-3.625
-3.625
-3.625
-3.625
-3.59375
-3.59375
-3.59375
-3.59375
-3.5625
-3.5625
-3.5625
-3.5625
-3.53125
-3.53125
-3.53125
-3.53125
-3.5
-3.5
-3.5
-3.5
-3.5
-3.46875
-3.46875
-3.46875
-3.46875
-3.4375
-3.4375
-3.4375
-3.4375
-3.4375
-3.40625
-3.40625
-3.40625
-3.40625
-3.40625
-3.375
-3.375
-3.375
-3.375
-3.375
-3.34375
-3.34375
-3.34375
-3.34375
-3.34375
-3.3125
-3.3125
-3.3125
-3.3125
-3.3125
-3.28125
-3.28125
-3.28125
-3.28125
-3.28125
-3.28125
-3.25
-3.25
-3.25
-3.25
-3.25
-3.25
-3.21875
-3.21875
-3.21875
-3.21875
-3.21875
-3.21875
-3.1875
-3.1875
-3.1875
-3.1875
-3.1875
-3.1875
-3.1875
-3.15625
-3.15625
-3.15625
-3.15625
-3.15625
-3.125
-3.125
-3.125
-3.125
-3.125
-3.125
-3.125
-3.09375
-3.09375
-3.09375
-3.09375
-3.09375
-3.09375
-3.0625
-3.0625
-3.0625
-3.0625
-3.0625
-3.0625
-3.03125
-3.03125
-3.03125
-3.03125
-3.03125
-3.03125
-3.03125
-3.0
-3.0
-3.0
-3.0
-3.0
-3.0
-3.0
-3.0
-2.96875
-2.96875
-2.96875
-2.96875
-2.96875
-2.96875
-2.96875
-2.96875
-2.9375
-2.9375
-2.9375
-2.9375
-2.9375
-2.9375
-2.9375
-2.9375
-2.90625
-2.90625
-2.90625
-2.90625
-2.90625
-2.90625
-2.90625
-2.90625
-2.875
-2.875
-2.875
-2.875
-2.875
-2.875
-2.875
-2.875
-2.875
-2.875
-2.84375
-2.84375
-2.84375
-2.84375
-2.84375
-2.84375
-2.84375
-2.84375
-2.84375
-2.84375
-2.84375
-2.8125
-2.8125
-2.8125
-2.8125
-2.8125
-2.8125
-2.8125
-2.8125
-2.8125
-2.78125
-2.78125
-2.78125
-2.78125
-2.78125
-2.78125
-2.78125
-2.78125
-2.75
-2.75
-2.75
-2.75
-2.75
-2.75
-2.75
-2.75
-2.75
-2.75
-2.75
-2.71875
-2.71875
-2.71875
-2.71875
-2.71875
-2.71875
-2.71875
-2.71875
-2.71875
-2.71875
-2.6875
-2.6875
-2.6875
-2.6875
-2.6875
-2.6875
-2.6875
-2.6875
-2.6875
-2.6875
-2.6875
-2.65625
-2.65625
-2.65625
-2.65625
-2.65625
-2.65625
-2.65625
-2.65625
-2.65625
-2.65625
-2.625
-2.625
-2.625
-2.625
-2.625
-2.625
-2.625
-2.625
-2.625
-2.625
-2.59375
-2.59375
-2.59375
-2.59375
-2.59375
-2.59375
-2.59375
-2.59375
-2.59375
-2.59375
-2.59375
-2.5625
-2.5625
-2.5625
-2.5625
-2.5625
-2.5625
-2.5625
-2.5625
-2.5625
-2.5625
-2.53125
-2.53125
-2.53125
-2.53125
-2.53125
-2.53125
-2.53125
-2.53125
-2.5
-2.5
-2.5
-2.5
-2.5
-2.5
-2.5
-2.5
-2.5
-2.5
-2.46875
-2.46875
-2.46875
-2.46875
-2.46875
-2.46875
-2.46875
-2.46875
-2.4375
-2.4375
-2.4375
-2.4375
-2.4375
-2.4375
-2.4375
-2.40625
-2.40625
-2.40625
-2.40625
-2.40625
-2.375
-2.375
-2.375
-2.375
-2.375
-2.34375
-2.34375
-2.34375
-2.3125
-2.3125
-2.3125
-2.28125
-2.25
-2.21875
-2.1875
-2.1875
-2.1875
-2.21875
-2.21875
-2.25
-2.25
-2.28125
-2.28125
-2.3125
-2.3125
-2.34375
-2.34375
-2.34375
-2.375
-2.375
-2.375
-2.375
-2.375
-2.40625
-2.40625
-2.40625
-2.40625
-2.40625
-2.40625
-2.40625
-2.40625
-2.40625
-2.40625
-2.40625
-2.40625
-2.40625
-2.40625
-2.40625
-2.40625
-2.40625
-2.40625
-2.40625
-2.40625
-2.40625
-2.40625
-2.40625
-2.40625
-2.40625
-2.375
-2.375
-2.375
-2.375
-2.375
-2.375
-2.375
-2.375
-2.34375
-2.34375
-2.34375
-2.34375
-2.34375
-2.34375
-2.3125
-2.3125
-2.3125
-2.28125
-2.28125
-2.28125
-2.25
-2.21875
-2.1875
-2.15625
-2.15625
-2.15625
-2.1875
-2.21875
-2.21875
-2.25
-2.25
-2.28125
-2.28125
-2.3125
-2.3125
-2.3125
-2.34375
-2.34375
-2.34375
-2.34375
-2.375
-2.375
-2.375
-2.375
-2.375
-2.375
-2.40625
-2.40625
-2.40625
-2.40625
-2.40625
-2.40625
-2.40625
-2.40625
-2.40625
-2.40625
-2.40625
-2.40625
-2.40625
-2.375
-2.375
-2.375
-2.375
-2.375
-2.375
-2.375
-2.375
-2.375
-2.375
-2.375
-2.375
-2.375
-2.34375
-2.34375
-2.34375
-2.34375
-2.34375
-2.34375
-2.3125
-2.3125
-2.3125
-2.28125
-2.28125
-2.28125
-2.25
-2.25
-2.21875
-2.1875
-2.15625
-2.15625
-2.1875
-2.21875
-2.25
-2.28125
-2.3125
-2.34375
-2.375
-2.40625
-2.4375
-2.46875
-2.5
-2.5
-2.53125
-2.5625
-2.5625
-2.59375
-2.625
-2.625
-2.65625
-2.65625
-2.6875
-2.6875
-2.71875
-2.71875
-2.75
-2.75
-2.78125
-2.78125
-2.8125
-2.8125
-2.8125
-2.84375
-2.84375
-2.875
-2.875
-2.875
-2.90625
-2.90625
-2.9375
-2.9375
-2.9375
-2.96875
-2.96875
-2.96875
-3.0
-3.0
-3.0
-3.03125
-3.03125
-3.03125
-3.0625
-3.0625
-3.0625
-3.09375
-3.09375
-3.09375
-3.125
-3.125
-3.125
-3.15625
-3.15625
-3.15625
-3.1875
-3.1875
-3.1875
-3.1875
-3.21875
-3.21875
-3.21875
-3.25
-3.25
-3.25
-3.28125
-3.28125
-3.28125
-3.3125
-3.3125
-3.3125
-3.3125
-3.34375
-3.34375
-3.34375
-3.34375
-3.375
-3.375
-3.375
-3.40625
-3.40625
-3.40625
-3.40625
-3.4375
-3.4375
-3.4375
-3.4375
-3.46875
-3.46875
-3.46875
-3.46875
-3.5
-3.5
-3.5
-3.5
-3.53125
-3.53125
-3.53125
-3.53125
-3.53125
-3.5625
-3.5625
-3.5625
-3.5625
-3.59375
-3.59375
-3.59375
-3.59375
-3.59375
-3.625
-3.625
-3.625
-3.625
-3.65625
-3.65625
-3.65625
-3.65625
-3.65625
-3.65625
-3.6875
-3.6875
-3.6875
-3.6875
-3.6875
-3.71875
-3.71875
-3.71875
-3.71875
-3.71875
-3.75
-3.75
-3.75
-3.75
-3.75
-3.75
-3.78125
-3.78125
-3.78125
-3.78125
-3.78125
-3.78125
-3.8125
-3.8125
-3.8125
-3.8125
-3.8125
-3.8125
-3.84375
-3.84375
-3.84375
-3.84375
-3.84375
-3.84375
-3.84375
-3.875
-3.875
-3.875
-3.875
-3.875
-3.875
-3.90625
-3.90625
-3.90625
-3.90625
-3.90625
-3.90625
-3.90625
-3.90625
-3.9375
-3.9375
-3.9375
-3.9375
-3.9375
-3.9375
-3.9375
-3.9375
-3.96875
-3.96875
-3.96875
-3.96875
-3.96875
-3.96875
-3.96875
-3.96875
-4.0
-4.0
-4.0
-4.0
-4.0
-4.0
-4.0
-4.0
-4.03125
-4.03125
-4.03125
-4.03125
-4.03125
-4.03125
-4.03125
-4.03125
-4.03125
-4.03125
-4.03125
-4.0625
-4.0625
-4.0625
-4.0625
-4.0625
-4.0625
-4.0625
-4.0625
-4.0625
-4.0625
-4.09375
-4.09375
-4.09375
