25.75
25.751
25.752
25.753
25.754
25.755
25.756
25.757
25.758
25.759
25.76
25.761
25.762
25.763
25.764
25.765
25.766000000000002
25.767
25.768
25.769000000000002
25.77
25.771
25.772000000000002
25.773
25.774
25.775000000000002
25.776
25.777
25.778000000000002
25.779
25.78
25.781
25.782
25.783
25.784
25.785
25.786
25.787
25.788
25.789
25.79
25.791
25.792
25.793
25.794
25.795
25.796
25.797
25.798000000000002
25.799
25.8
25.801000000000002
25.802
25.803
25.804000000000002
25.805
25.806
25.807000000000002
25.808
25.809
25.810000000000002
25.811
25.812
25.813
25.814
25.815
25.816
25.817
25.818
25.819
25.82
25.821
25.822
25.823
25.824
25.825
25.826
25.827
25.828
25.829
25.830000000000002
25.831
25.832
25.833000000000002
25.834
25.835
25.836000000000002
25.837
25.838
25.839000000000002
25.84
25.841
25.842000000000002
25.843
25.844
25.845
25.846
25.847
25.848
25.849
25.85
25.851
25.852
25.853
25.854
25.855
25.856
25.857
25.858
25.859
25.86
25.861
25.862000000000002
25.863
25.864
25.865000000000002
25.866
25.867
25.868000000000002
25.869
25.87
25.871000000000002
25.872
25.873
25.874
25.875
25.876
25.877
25.878
25.879
25.88
25.881
25.882
25.883
25.884
25.885
25.886
25.887
25.888
25.889
25.89
25.891000000000002
25.892
25.893
25.894000000000002
25.895
25.896
25.897000000000002
25.898
25.899
25.900000000000002
25.901
25.902
25.903000000000002
25.904
25.905
25.906
25.907
25.908
25.909
25.91
25.911
25.912
25.913
25.914
25.915
25.916
25.917
25.918
25.919
25.92
25.921
25.922
25.923000000000002
25.924
25.925
25.926000000000002
25.927
25.928
25.929000000000002
25.93
25.931
25.932000000000002
25.933
25.934
25.935000000000002
25.936
25.937
25.938
25.939
25.94
25.941
25.942
25.943
25.944
25.945
25.946
25.947
25.948
25.949
25.95
25.951
25.952
25.953
25.954
25.955000000000002
25.956
25.957
25.958000000000002
25.959
25.96
25.961000000000002
25.962
25.963
25.964000000000002
25.965
25.966
25.967000000000002
25.968
25.969
25.97
25.971
25.972
25.973
25.974
25.975
25.976
25.977
25.978
25.979
25.98
25.981
25.982
25.983
25.984
25.985
25.986
25.987000000000002
25.988
25.989
25.990000000000002
25.991
25.992
25.993000000000002
25.994
25.995
25.996000000000002
25.997
25.998
25.999
26.0
26.001
26.002
26.003
26.004
26.005
26.006
26.007
26.008
26.009
26.01
26.011
26.012
26.013
26.014
26.015
26.016000000000002
26.017
26.018
26.019000000000002
26.02
26.021
26.022000000000002
26.023
26.024
26.025000000000002
26.026
26.027
26.028000000000002
26.029
26.03
26.031
26.032
26.033
26.034
26.035
26.036
26.037
26.038
26.039
26.04
26.041
26.042
26.043
26.044
26.045
26.046
26.047
26.048000000000002
26.049
26.05
26.051000000000002
26.052
26.053
26.054000000000002
26.055
26.056
26.057000000000002
26.058
26.059
26.060000000000002
26.061
26.062
26.063
26.064
26.065
26.066
26.067
26.068
26.069
26.07
26.071
26.072
26.073
26.074
26.075
26.076
26.077
26.078
26.079
26.080000000000002
26.081
26.082
26.083000000000002
26.084
26.085
26.086000000000002
26.087
26.088
26.089000000000002
26.09
26.091
26.092000000000002
26.093
26.094
26.095
26.096
26.097
26.098
26.099
26.1
26.101
26.102
26.103
26.104
26.105
26.106
26.107
26.108
26.109
26.11
26.111
26.112000000000002
26.113
26.114
26.115000000000002
26.116
26.117
26.118000000000002
26.119
26.12
26.121000000000002
26.122
26.123
26.124
26.125
26.126
26.127
26.128
26.129
26.13
26.131
26.132
26.133
26.134
26.135
26.136
26.137
26.138
26.139
26.14
26.141000000000002
26.142
26.143
26.144000000000002
26.145
26.146
26.147000000000002
26.148
26.149
26.150000000000002
26.151
26.152
26.153000000000002
26.154
26.155
26.156
26.157
26.158
26.159
26.16
26.161
26.162
26.163
26.164
26.165
26.166
26.167
26.168
26.169
26.17
26.171
26.172
26.173000000000002
26.174
26.175
26.176000000000002
26.177
26.178
26.179000000000002
26.18
26.181
26.182000000000002
26.183
26.184
26.185000000000002
26.186
26.187
26.188
26.189
26.19
26.191
26.192
26.193
26.194
26.195
26.196
26.197
26.198
26.199
26.2
26.201
26.202
26.203
26.204
26.205000000000002
26.206
26.207
26.208000000000002
26.209
26.21
26.211000000000002
26.212
26.213
26.214000000000002
26.215
26.216
26.217000000000002
26.218
26.219
26.22
26.221
26.222
26.223
26.224
26.225
26.226
26.227
26.228
26.229
26.23
26.231
26.232
26.233
26.234
26.235
26.236
26.237000000000002
26.238
26.239
26.240000000000002
26.241
26.242
26.243000000000002
26.244
26.245
26.246000000000002
26.247
26.248
26.249
26.25
26.251
26.252
26.253
26.254
26.255
26.256
26.257
26.258
26.259
26.26
26.261
26.262
26.263
26.264
26.265
26.266000000000002
26.267
26.268
26.269000000000002
26.27
26.271
26.272000000000002
26.273
26.274
26.275000000000002
26.276
26.277
26.278000000000002
26.279
26.28
26.281
26.282
26.283
26.284
26.285
26.286
26.287
26.288
26.289
26.29
26.291
26.292
26.293
26.294
26.295
26.296
26.297
26.298000000000002
26.299
26.3
26.301000000000002
26.302
26.303
26.304000000000002
26.305
26.306
26.307000000000002
26.308
26.309
26.310000000000002
26.311
26.312
26.313
26.314
26.315
26.316
26.317
26.318
26.319
26.32
26.321
26.322
26.323
26.324
26.325
26.326
26.327
26.328
26.329
26.330000000000002
26.331
26.332
26.333000000000002
26.334
26.335
26.336000000000002
26.337
26.338
26.339000000000002
26.34
26.341
26.342000000000002
26.343
26.344
26.345
26.346
26.347
26.348
26.349
26.35
26.351
26.352
26.353
26.354
26.355
26.356
26.357
26.358
26.359
26.36
26.361
26.362000000000002
26.363
26.364
26.365000000000002
26.366
26.367
26.368000000000002
26.369
26.37
26.371000000000002
26.372
26.373
26.374
26.375
26.376
26.377
26.378
26.379
26.38
26.381
26.382
26.383
26.384
26.385
26.386
26.387
26.388
26.389
26.39
26.391000000000002
26.392
26.393
26.394000000000002
26.395
26.396
26.397000000000002
26.398
26.399
26.400000000000002
26.401
26.402
26.403000000000002
26.404
26.405
26.406
26.407
26.408
26.409
26.41
26.411
26.412
26.413
26.414
26.415
26.416
26.417
26.418
26.419
26.42
26.421
26.422
26.423000000000002
26.424
26.425
26.426000000000002
26.427
26.428
26.429000000000002
26.43
26.431
26.432000000000002
26.433
26.434
26.435000000000002
26.436
26.437
26.438
26.439
26.44
26.441
26.442
26.443
26.444
26.445
26.446
26.447
26.448
26.449
26.45
26.451
26.452
26.453
26.454
26.455000000000002
26.456
26.457
26.458000000000002
26.459
26.46
26.461000000000002
26.462
26.463
26.464000000000002
26.465
26.466
26.467000000000002
26.468
26.469
26.47
26.471
26.472
26.473
26.474
26.475
26.476
26.477
26.478
26.479
26.48
26.481
26.482
26.483
26.484
26.485
26.486
26.487000000000002
26.488
26.489
26.490000000000002
26.491
26.492
26.493000000000002
26.494
26.495
26.496000000000002
26.497
26.498
26.499
26.5
26.501
26.502
26.503
26.504
26.505
26.506
26.507
26.508
26.509
26.51
26.511
26.512
26.513
26.514
26.515
26.516000000000002
26.517
26.518
26.519000000000002
26.52
26.521
26.522000000000002
26.523
26.524
26.525000000000002
26.526
26.527
26.528000000000002
26.529
26.53
26.531
26.532
26.533
26.534
26.535
26.536
26.537
26.538
26.539
26.54
26.541
26.542
26.543
26.544
26.545
26.546
26.547
26.548000000000002
26.549
26.55
26.551000000000002
26.552
26.553
26.554000000000002
26.555
26.556
26.557000000000002
26.558
26.559
26.560000000000002
26.561
26.562
26.563
26.564
26.565
26.566
26.567
26.568
26.569
26.57
26.571
26.572
26.573
26.574
26.575
26.576
26.577
26.578
26.579
26.580000000000002
26.581
26.582
26.583000000000002
26.584
26.585
26.586000000000002
26.587
26.588
26.589000000000002
26.59
26.591
26.592000000000002
26.593
26.594
26.595
26.596
26.597
26.598
26.599
26.6
26.601
26.602
26.603
26.604
26.605
26.606
26.607
26.608
26.609
26.61
26.611
26.612000000000002
26.613
26.614
26.615000000000002
26.616
26.617
26.618000000000002
26.619
26.62
26.621000000000002
26.622
26.623
26.624000000000002
26.625
26.626
26.627
26.628
26.629
26.63
26.631
26.632
26.633
26.634
26.635
26.636
26.637
26.638
26.639
26.64
26.641000000000002
26.642
26.643
26.644000000000002
26.645
26.646
26.647000000000002
26.648
26.649
26.650000000000002
26.651
26.652
26.653000000000002
26.654
26.655
26.656
26.657
26.658
26.659
26.66
26.661
26.662
26.663
26.664
26.665
26.666
26.667
26.668
26.669
26.67
26.671
26.672
26.673000000000002
26.674
26.675
26.676000000000002
26.677
26.678
26.679000000000002
26.68
26.681
26.682000000000002
26.683
26.684
26.685000000000002
26.686
26.687
26.688
26.689
26.69
26.691
26.692
26.693
26.694
26.695
26.696
26.697
26.698
26.699
26.7
26.701
26.702
26.703
26.704
26.705000000000002
26.706
26.707
26.708000000000002
26.709
26.71
26.711000000000002
26.712
26.713
26.714000000000002
26.715
26.716
26.717000000000002
26.718
26.719
26.72
26.721
26.722
26.723
26.724
26.725
26.726
26.727
26.728
26.729
26.73
26.731
26.732
26.733
26.734
26.735
26.736
26.737000000000002
26.738
26.739
26.740000000000002
26.741
26.742
26.743000000000002
26.744
26.745
26.746000000000002
26.747
26.748
26.749000000000002
