-4.84375
-4.84375
-4.84375
-4.84375
-4.84375
-4.84375
-4.84375
-4.84375
-4.84375
-4.84375
-4.84375
-4.84375
-4.84375
-4.84375
-4.84375
-4.84375
-4.84375
-4.84375
-4.84375
-4.84375
-4.84375
-4.84375
-4.84375
-4.84375
-4.84375
-4.84375
-4.84375
-4.84375
-4.84375
-4.84375
-4.84375
-4.84375
-4.84375
-4.84375
-4.84375
-4.84375
-4.84375
-4.84375
-4.84375
-4.84375
-4.84375
-4.84375
-4.84375
-4.84375
-4.84375
-4.84375
-4.84375
-4.84375
-4.84375
-4.84375
-4.84375
-4.84375
-4.84375
-4.84375
-4.84375
-4.84375
-4.84375
-4.84375
-4.84375
-4.84375
-4.84375
-4.84375
-4.84375
-4.84375
-4.84375
-4.84375
-4.84375
-4.84375
-4.84375
-4.84375
-4.84375
-4.84375
-4.84375
-4.84375
-4.84375
-4.84375
-4.84375
-4.84375
-4.84375
-4.84375
-4.84375
-4.84375
-4.84375
-4.84375
-4.84375
-4.84375
-4.84375
-4.84375
-4.84375
-4.84375
-4.84375
-4.84375
-4.84375
-4.84375
-4.84375
-4.84375
-4.84375
-4.84375
-4.84375
-4.84375
-4.84375
-4.84375
-4.84375
-4.84375
-4.84375
-4.84375
-4.84375
-4.84375
-4.84375
-4.84375
-4.84375
-4.84375
-4.84375
-4.84375
-4.84375
-4.84375
-4.84375
-4.84375
-4.84375
-4.84375
-4.84375
-4.84375
-4.84375
-4.84375
-4.84375
-4.84375
-4.84375
-4.84375
-4.84375
-4.84375
-4.84375
-4.84375
-4.84375
-4.84375
-4.84375
-4.84375
-4.84375
-4.84375
-4.84375
-4.84375
-4.84375
-4.84375
-4.84375
-4.84375
-4.84375
-4.84375
-4.84375
-4.84375
-4.84375
-4.84375
-4.84375
-4.84375
-4.84375
-4.84375
-4.84375
-4.84375
-4.84375
-4.84375
-4.84375
-4.84375
-4.84375
-4.84375
-4.84375
-4.84375
-4.84375
-4.84375
-4.84375
-4.84375
-4.84375
-4.84375
-4.84375
-4.84375
-4.84375
-4.84375
-4.84375
-4.84375
-4.84375
-4.84375
-4.84375
-4.84375
-4.84375
-4.84375
-4.84375
-4.84375
-4.84375
-4.84375
-4.84375
-4.84375
-4.84375
-4.84375
-4.84375
-4.84375
-4.84375
-4.84375
-4.84375
-4.84375
-4.84375
-4.84375
-4.84375
-4.84375
-4.84375
-4.84375
-4.84375
-4.84375
-4.84375
-4.84375
-4.84375
-4.84375
-4.84375
-4.84375
-4.84375
-4.84375
-4.84375
-4.84375
-4.84375
-4.84375
-4.84375
-4.84375
-4.84375
-4.84375
-4.84375
-4.84375
-4.84375
-4.84375
-4.84375
-4.84375
-4.84375
-4.84375
-4.84375
-4.84375
-4.84375
-4.84375
-4.84375
-4.84375
-4.84375
-4.84375
-4.84375
-4.84375
-4.84375
-4.84375
-4.84375
-4.84375
-4.84375
-4.84375
-4.84375
-4.84375
-4.84375
-4.84375
-4.84375
-4.84375
-4.84375
-4.84375
-4.84375
-4.84375
-4.84375
-4.84375
-4.84375
-4.84375
-4.84375
-4.84375
-4.84375
-4.84375
-4.84375
-4.84375
-4.84375
-4.84375
-4.84375
-4.84375
-4.84375
-4.84375
-4.84375
-4.84375
-4.84375
-4.84375
-4.84375
-4.84375
-4.84375
-4.6875
-4.53125
-4.375
-4.25
-4.09375
-4.0
-3.875
-3.78125
-3.6875
-3.59375
-3.5
-3.40625
-3.34375
-3.28125
-3.21875
-3.15625
-3.09375
-3.03125
-3.0
-2.9375
-2.90625
-2.875
-2.8125
-2.78125
-2.75
-2.71875
-2.6875
-2.65625
-2.625
-2.59375
-2.59375
-2.5625
-2.53125
-2.53125
-2.5
-2.46875
-2.46875
-2.4375
-2.40625
-2.40625
-2.375
-2.34375
-2.3125
-2.28125
-2.25
-2.1875
-2.15625
-2.125
-2.125
-2.125
-2.15625
-2.1875
-2.21875
-2.21875
-2.25
-2.25
-2.25
-2.25
-2.25
-2.28125
-2.28125
-2.28125
-2.28125
-2.28125
-2.28125
-2.28125
-2.28125
-2.25
-2.25
-2.25
-2.25
-2.25
-2.25
-2.21875
-2.21875
-2.1875
-2.15625
-2.09375
-2.0625
-2.03125
-2.03125
-2.03125
-2.0625
-2.09375
-2.125
-2.15625
-2.1875
-2.1875
-2.1875
-2.21875
-2.21875
-2.21875
-2.21875
-2.25
-2.25
-2.25
-2.25
-2.25
-2.25
-2.25
-2.25
-2.25
-2.25
-2.21875
-2.21875
-2.21875
-2.1875
-2.1875
-2.15625
-2.09375
-2.0625
-2.03125
-2.03125
-2.03125
-2.0625
-2.09375
-2.125
-2.15625
-2.15625
-2.1875
-2.1875
-2.21875
-2.21875
-2.21875
-2.21875
-2.21875
-2.25
-2.25
-2.25
-2.25
-2.25
-2.25
-2.25
-2.25
-2.21875
-2.21875
-2.21875
-2.21875
-2.1875
-2.1875
-2.125
-2.09375
-2.0625
-2.03125
-2.03125
-2.03125
-2.0625
-2.09375
-2.125
-2.15625
-2.15625
-2.1875
-2.1875
-2.21875
-2.21875
-2.21875
-2.21875
-2.21875
-2.25
-2.25
-2.25
-2.25
-2.25
-2.25
-2.25
-2.25
-2.21875
-2.21875
-2.21875
-2.21875
-2.1875
-2.1875
-2.125
-2.09375
-2.0625
-2.03125
-2.03125
-2.03125
-2.0625
-2.09375
-2.125
-2.15625
-2.15625
-2.1875
-2.1875
-2.21875
-2.21875
-2.21875
-2.21875
-2.21875
-2.25
-2.25
-2.25
-2.25
-2.25
-2.25
-2.25
-2.25
-2.21875
-2.21875
-2.21875
-2.21875
-2.1875
-2.15625
-2.125
-2.09375
-2.0625
-2.03125
-2.03125
-2.03125
-2.0625
-2.09375
-2.125
-2.15625
-2.15625
-2.1875
-2.1875
-2.21875
-2.21875
-2.21875
-2.21875
-2.21875
-2.25
-2.25
-2.25
-2.25
-2.25
-2.25
-2.25
-2.25
-2.21875
-2.21875
-2.21875
-2.21875
-2.1875
-2.15625
-2.125
-2.09375
-2.0625
-2.03125
-2.03125
-2.03125
-2.0625
-2.09375
-2.125
-2.15625
-2.15625
-2.1875
-2.1875
-2.21875
-2.21875
-2.21875
-2.21875
-2.21875
-2.25
-2.25
-2.25
-2.25
-2.25
-2.25
-2.25
-2.25
-2.21875
-2.21875
-2.21875
-2.21875
-2.1875
-2.15625
-2.125
-2.09375
-2.0625
-2.03125
-2.03125
-2.03125
-2.0625
-2.09375
-2.125
-2.15625
-2.15625
-2.1875
-2.1875
-2.21875
-2.21875
-2.21875
-2.21875
-2.21875
-2.25
-2.25
-2.25
-2.25
-2.25
-2.25
-2.25
-2.25
-2.21875
-2.21875
-2.21875
-2.21875
-2.1875
-2.15625
-2.125
-2.09375
-2.0625
-2.03125
-2.03125
-2.03125
-2.0625
-2.09375
-2.125
-2.15625
-2.15625
-2.1875
-2.1875
-2.21875
-2.21875
-2.21875
-2.21875
-2.21875
-2.25
-2.25
-2.25
-2.25
-2.25
-2.25
-2.25
-2.25
-2.21875
-2.21875
-2.21875
-2.21875
-2.1875
-2.15625
-2.125
-2.09375
-2.0625
-2.03125
-2.03125
-2.03125
-2.0625
-2.09375
-2.125
-2.15625
-2.15625
-2.1875
-2.1875
-2.21875
-2.21875
-2.21875
-2.21875
-2.21875
-2.25
-2.25
-2.25
-2.25
-2.25
-2.25
-2.25
-2.25
-2.21875
-2.21875
-2.21875
-2.21875
-2.1875
-2.15625
-2.125
-2.09375
-2.0625
-2.03125
-2.03125
-2.03125
-2.0625
-2.09375
-2.125
-2.15625
-2.15625
-2.1875
-2.1875
-2.21875
-2.21875
-2.21875
-2.21875
-2.21875
-2.25
-2.25
-2.25
-2.25
-2.25
-2.25
-2.25
-2.25
-2.21875
-2.21875
-2.21875
-2.21875
-2.1875
-2.15625
-2.125
-2.09375
-2.0625
-2.03125
-2.03125
-2.03125
-2.0625
-2.09375
-2.125
-2.15625
-2.15625
-2.1875
-2.1875
-2.21875
-2.21875
-2.21875
-2.21875
-2.21875
-2.25
-2.25
-2.25
-2.25
-2.25
-2.25
-2.25
-2.25
-2.21875
-2.21875
-2.21875
-2.21875
-2.1875
-2.15625
-2.125
-2.09375
-2.0625
-2.03125
-2.03125
-2.03125
-2.0625
-2.09375
-2.125
-2.15625
-2.15625
-2.1875
-2.1875
-2.21875
-2.21875
-2.21875
-2.21875
-2.21875
-2.25
-2.25
-2.25
-2.25
-2.25
-2.25
-2.25
-2.25
-2.21875
-2.21875
-2.21875
-2.21875
-2.1875
-2.15625
-2.125
-2.09375
-2.0625
-2.03125
-2.03125
-2.03125
-2.0625
-2.09375
-2.125
-2.15625
-2.15625
-2.1875
-2.1875
-2.21875
-2.21875
-2.21875
-2.21875
-2.21875
-2.25
-2.25
-2.25
-2.25
-2.25
-2.25
-2.25
-2.25
-2.21875
-2.21875
-2.21875
-2.21875
-2.1875
-2.15625
-2.125
-2.09375
-2.0625
-2.03125
-2.03125
-2.03125
-2.0625
-2.09375
-2.28125
-2.46875
-2.65625
-2.78125
-2.9375
-3.0625
-3.1875
-3.28125
-3.40625
-3.5
-3.59375
-3.65625
-3.75
-3.8125
-3.875
-3.9375
-4.0
-4.0625
-4.125
-4.15625
-4.21875
-4.25
-4.28125
-4.34375
-4.375
-4.40625
-4.4375
-4.46875
-4.46875
-4.5
-4.53125
-4.5625
-4.5625
-4.59375
-4.59375
-4.625
-4.625
-4.65625
-4.65625
-4.6875
-4.6875
-4.6875
-4.71875
-4.71875
-4.71875
-4.71875
-4.75
-4.75
-4.75
-4.75
-4.78125
-4.78125
-4.78125
-4.78125
-4.78125
-4.78125
-4.78125
-4.78125
-4.8125
-4.8125
-4.8125
-4.8125
-4.8125
-4.8125
-4.8125
-4.8125
-4.8125
-4.8125
-4.8125
-4.8125
-4.8125
-4.84375
-4.84375
-4.84375
-4.84375
-4.84375
-4.84375
-4.84375
-4.84375
-4.84375
-4.84375
-4.84375
-4.84375
-4.84375
-4.84375
-4.84375
-4.84375
-4.84375
-4.84375
-4.84375
-4.84375
-4.84375
-4.84375
-4.84375
-4.84375
-4.84375
-4.84375
-4.84375
-4.84375
-4.84375
-4.84375
-4.84375
-4.84375
-4.84375
-4.84375
-4.84375
-4.84375
-4.84375
-4.84375
-4.84375
-4.84375
-4.84375
-4.84375
-4.84375
-4.84375
-4.84375
-4.84375
-4.84375
-4.84375
-4.84375
-4.84375
-4.84375
-4.84375
-4.84375
-4.84375
-4.84375
-4.84375
-4.84375
-4.84375
-4.84375
-4.84375
-4.84375
-4.84375
-4.84375
-4.84375
-4.84375
-4.84375
-4.84375
-4.84375
-4.84375
-4.84375
-4.84375
-4.84375
-4.84375
-4.84375
-4.84375
-4.84375
-4.84375
-4.84375
-4.84375
-4.84375
-4.84375
-4.84375
-4.84375
-4.84375
-4.84375
-4.84375
-4.84375
-4.84375
-4.84375
-4.84375
-4.84375
-4.84375
-4.84375
-4.84375
-4.84375
-4.84375
-4.84375
-4.84375
-4.84375
-4.84375
-4.84375
-4.84375
-4.84375
-4.84375
-4.84375
-4.84375
-4.84375
-4.84375
-4.84375
-4.84375
-4.84375
-4.84375
-4.84375
-4.84375
-4.84375
-4.84375
-4.84375
-4.84375
-4.84375
-4.84375
-4.84375
-4.84375
-4.84375
-4.84375
-4.84375
-4.84375
-4.84375
-4.84375
-4.84375
-4.84375
-4.84375
-4.84375
-4.84375
-4.84375
-4.84375
-4.84375
-4.84375
-4.84375
-4.84375
-4.84375
-4.84375
-4.84375
-4.84375
-4.84375
-4.84375
-4.84375
-4.84375
-4.84375
-4.84375
-4.84375
-4.84375
-4.84375
