17.75
17.751
17.752
17.753
17.754
17.755
17.756
17.757
17.758
17.759
17.76
17.761
17.762
17.763
17.764
17.765
17.766000000000002
17.767
17.768
17.769000000000002
17.77
17.771
17.772000000000002
17.773
17.774
17.775000000000002
17.776
17.777
17.778
17.779
17.78
17.781
17.782
17.783
17.784
17.785
17.786
17.787
17.788
17.789
17.79
17.791
17.792
17.793
17.794
17.795
17.796
17.797
17.798000000000002
17.799
17.8
17.801000000000002
17.802
17.803
17.804000000000002
17.805
17.806
17.807
17.808
17.809
17.81
17.811
17.812
17.813
17.814
17.815
17.816
17.817
17.818
17.819
17.82
17.821
17.822
17.823
17.824
17.825
17.826
17.827
17.828
17.829
17.830000000000002
17.831
17.832
17.833000000000002
17.834
17.835
17.836000000000002
17.837
17.838
17.839
17.84
17.841
17.842
17.843
17.844
17.845
17.846
17.847
17.848
17.849
17.85
17.851
17.852
17.853
17.854
17.855
17.856
17.857
17.858
17.859
17.86
17.861
17.862000000000002
17.863
17.864
17.865000000000002
17.866
17.867
17.868000000000002
17.869
17.87
17.871
17.872
17.873
17.874
17.875
17.876
17.877
17.878
17.879
17.88
17.881
17.882
17.883
17.884
17.885
17.886
17.887
17.888
17.889
17.89
17.891000000000002
17.892
17.893
17.894000000000002
17.895
17.896
17.897000000000002
17.898
17.899
17.900000000000002
17.901
17.902
17.903
17.904
17.905
17.906
17.907
17.908
17.909
17.91
17.911
17.912
17.913
17.914
17.915
17.916
17.917
17.918
17.919
17.92
17.921
17.922
17.923000000000002
17.924
17.925
17.926000000000002
17.927
17.928
17.929000000000002
17.93
17.931
17.932
17.933
17.934
17.935
17.936
17.937
17.938
17.939
17.94
17.941
17.942
17.943
17.944
17.945
17.946
17.947
17.948
17.949
17.95
17.951
17.952
17.953
17.954
17.955000000000002
17.956
17.957
17.958000000000002
17.959
17.96
17.961000000000002
17.962
17.963
17.964
17.965
17.966
17.967
17.968
17.969
17.97
17.971
17.972
17.973
17.974
17.975
17.976
17.977
17.978
17.979
17.98
17.981
17.982
17.983
17.984
17.985
17.986
17.987000000000002
17.988
17.989
17.990000000000002
17.991
17.992
17.993000000000002
17.994
17.995
17.996
17.997
17.998
17.999
18.0
18.001
18.002
18.003
18.004
18.005
18.006
18.007
18.008
18.009
18.01
18.011
18.012
18.013
18.014
18.015
18.016000000000002
18.017
18.018
18.019000000000002
18.02
18.021
18.022000000000002
18.023
18.024
18.025000000000002
18.026
18.027
18.028
18.029
18.03
18.031
18.032
18.033
18.034
18.035
18.036
18.037
18.038
18.039
18.04
18.041
18.042
18.043
18.044
18.045
18.046
18.047
18.048000000000002
18.049
18.05
18.051000000000002
18.052
18.053
18.054000000000002
18.055
18.056
18.057
18.058
18.059
18.06
18.061
18.062
18.063
18.064
18.065
18.066
18.067
18.068
18.069
18.07
18.071
18.072
18.073
18.074
18.075
18.076
18.077
18.078
18.079
18.080000000000002
18.081
18.082
18.083000000000002
18.084
18.085
18.086000000000002
18.087
18.088
18.089
18.09
18.091
18.092
18.093
18.094
18.095
18.096
18.097
18.098
18.099
18.1
18.101
18.102
18.103
18.104
18.105
18.106
18.107
18.108
18.109
18.11
18.111
18.112000000000002
18.113
18.114
18.115000000000002
18.116
18.117
18.118000000000002
18.119
18.12
18.121
18.122
18.123
18.124
18.125
18.126
18.127
18.128
18.129
18.13
18.131
18.132
18.133
18.134
18.135
18.136
18.137
18.138
18.139
18.14
18.141000000000002
18.142
18.143
18.144000000000002
18.145
18.146
18.147000000000002
18.148
18.149
18.150000000000002
18.151
18.152
18.153
18.154
18.155
18.156
18.157
18.158
18.159
18.16
18.161
18.162
18.163
18.164
18.165
18.166
18.167
18.168
18.169
18.17
18.171
18.172
18.173000000000002
18.174
18.175
18.176000000000002
18.177
18.178
18.179000000000002
18.18
18.181
18.182
18.183
18.184
18.185
18.186
18.187
18.188
18.189
18.19
18.191
18.192
18.193
18.194
18.195
18.196
18.197
18.198
18.199
18.2
18.201
18.202
18.203
18.204
18.205000000000002
18.206
18.207
18.208000000000002
18.209
18.21
18.211000000000002
18.212
18.213
18.214
18.215
18.216
18.217
18.218
18.219
18.22
18.221
18.222
18.223
18.224
18.225
18.226
18.227
18.228
18.229
18.23
18.231
18.232
18.233
18.234
18.235
18.236
18.237000000000002
18.238
18.239
18.240000000000002
18.241
18.242
18.243000000000002
18.244
18.245
18.246
18.247
18.248
18.249
18.25
18.251
18.252
18.253
18.254
18.255
18.256
18.257
18.258
18.259
18.26
18.261
18.262
18.263
18.264
18.265
18.266000000000002
18.267
18.268
18.269000000000002
18.27
18.271
18.272000000000002
18.273
18.274
18.275000000000002
18.276
18.277
18.278
18.279
18.28
18.281
18.282
18.283
18.284
18.285
18.286
18.287
18.288
18.289
18.29
18.291
18.292
18.293
18.294
18.295
18.296
18.297
18.298000000000002
18.299
18.3
18.301000000000002
18.302
18.303
18.304000000000002
18.305
18.306
18.307
18.308
18.309
18.31
18.311
18.312
18.313
18.314
18.315
18.316
18.317
18.318
18.319
18.32
18.321
18.322
18.323
18.324
18.325
18.326
18.327
18.328
18.329
18.330000000000002
18.331
18.332
18.333000000000002
18.334
18.335
18.336000000000002
18.337
18.338
18.339
18.34
18.341
18.342
18.343
18.344
18.345
18.346
18.347
18.348
18.349
18.35
18.351
18.352
18.353
18.354
18.355
18.356
18.357
18.358
18.359
18.36
18.361
18.362000000000002
18.363
18.364
18.365000000000002
18.366
18.367
18.368000000000002
18.369
18.37
18.371
18.372
18.373
18.374
18.375
18.376
18.377
18.378
18.379
18.38
18.381
18.382
18.383
18.384
18.385
18.386
18.387
18.388
18.389
18.39
18.391000000000002
18.392
18.393
18.394000000000002
18.395
18.396
18.397000000000002
18.398
18.399
18.400000000000002
18.401
18.402
18.403
18.404
18.405
18.406
18.407
18.408
18.409
18.41
18.411
18.412
18.413
18.414
18.415
18.416
18.417
18.418
18.419
18.42
18.421
18.422
18.423000000000002
18.424
18.425
18.426000000000002
18.427
18.428
18.429000000000002
18.43
18.431
18.432000000000002
18.433
18.434
18.435
18.436
18.437
18.438
18.439
18.44
18.441
18.442
18.443
18.444
18.445
18.446
18.447
18.448
18.449
18.45
18.451
18.452
18.453
18.454
18.455000000000002
18.456
18.457
18.458000000000002
18.459
18.46
18.461000000000002
18.462
18.463
18.464
18.465
18.466
18.467
18.468
18.469
18.47
18.471
18.472
18.473
18.474
18.475
18.476
18.477
18.478
18.479
18.48
18.481
18.482
18.483
18.484
18.485
18.486
18.487000000000002
18.488
18.489
18.490000000000002
18.491
18.492
18.493000000000002
18.494
18.495
18.496
18.497
18.498
18.499
18.5
18.501
18.502
18.503
18.504
18.505
18.506
18.507
18.508
18.509
18.51
18.511
18.512
18.513
18.514
18.515
18.516000000000002
18.517
18.518
18.519000000000002
18.52
18.521
18.522000000000002
18.523
18.524
18.525000000000002
18.526
18.527
18.528
18.529
18.53
18.531
18.532
18.533
18.534
18.535
18.536
18.537
18.538
18.539
18.54
18.541
18.542
18.543
18.544
18.545
18.546
18.547
18.548000000000002
18.549
18.55
18.551000000000002
18.552
18.553
18.554000000000002
18.555
18.556
18.557000000000002
18.558
18.559
18.56
18.561
18.562
18.563
18.564
18.565
18.566
18.567
18.568
18.569
18.57
18.571
18.572
18.573
18.574
18.575
18.576
18.577
18.578
18.579
18.580000000000002
18.581
18.582
18.583000000000002
18.584
18.585
18.586000000000002
18.587
18.588
18.589
18.59
18.591
18.592
18.593
18.594
18.595
18.596
18.597
18.598
18.599
18.6
18.601
18.602
18.603
18.604
18.605
18.606
18.607
18.608
18.609
18.61
18.611
18.612000000000002
18.613
18.614
18.615000000000002
18.616
18.617
18.618000000000002
18.619
18.62
18.621
18.622
18.623
18.624
18.625
18.626
18.627
18.628
18.629
18.63
18.631
18.632
18.633
18.634
18.635
18.636
18.637
18.638
18.639
18.64
18.641000000000002
18.642
18.643
18.644000000000002
18.645
18.646
18.647000000000002
18.648
18.649
18.650000000000002
18.651
18.652
18.653
18.654
18.655
18.656
18.657
18.658
18.659
18.66
18.661
18.662
18.663
18.664
18.665
18.666
18.667
18.668
18.669
18.67
18.671
18.672
18.673000000000002
18.674
18.675
18.676000000000002
18.677
18.678
18.679000000000002
18.68
18.681
18.682000000000002
18.683
18.684
18.685
18.686
18.687
18.688
18.689
18.69
18.691
18.692
18.693
18.694
18.695
18.696
18.697
18.698
18.699
18.7
18.701
18.702
18.703
18.704
18.705000000000002
18.706
18.707
18.708000000000002
18.709
18.71
18.711000000000002
18.712
18.713
18.714
18.715
18.716
18.717
18.718
18.719
18.72
18.721
18.722
18.723
18.724
18.725
18.726
18.727
18.728
18.729
18.73
18.731
18.732
18.733
18.734
18.735
18.736
18.737000000000002
18.738
18.739
18.740000000000002
18.741
18.742
18.743000000000002
18.744
18.745
18.746
18.747
18.748
18.749
