17.0
17.001
17.002
17.003
17.004
17.005
17.006
17.007
17.008
17.009
17.01
17.011
17.012
17.013
17.014
17.015
17.016000000000002
17.017
17.018
17.019000000000002
17.02
17.021
17.022000000000002
17.023
17.024
17.025
17.026
17.027
17.028
17.029
17.03
17.031
17.032
17.033
17.034
17.035
17.036
17.037
17.038
17.039
17.04
17.041
17.042
17.043
17.044
17.045
17.046
17.047
17.048000000000002
17.049
17.05
17.051000000000002
17.052
17.053
17.054000000000002
17.055
17.056
17.057
17.058
17.059
17.06
17.061
17.062
17.063
17.064
17.065
17.066
17.067
17.068
17.069
17.07
17.071
17.072
17.073
17.074
17.075
17.076
17.077
17.078
17.079
17.080000000000002
17.081
17.082
17.083000000000002
17.084
17.085
17.086000000000002
17.087
17.088
17.089
17.09
17.091
17.092
17.093
17.094
17.095
17.096
17.097
17.098
17.099
17.1
17.101
17.102
17.103
17.104
17.105
17.106
17.107
17.108
17.109
17.11
17.111
17.112000000000002
17.113
17.114
17.115000000000002
17.116
17.117
17.118000000000002
17.119
17.12
17.121
17.122
17.123
17.124
17.125
17.126
17.127
17.128
17.129
17.13
17.131
17.132
17.133
17.134
17.135
17.136
17.137
17.138
17.139
17.14
17.141000000000002
17.142
17.143
17.144000000000002
17.145
17.146
17.147000000000002
17.148
17.149
17.150000000000002
17.151
17.152
17.153
17.154
17.155
17.156
17.157
17.158
17.159
17.16
17.161
17.162
17.163
17.164
17.165
17.166
17.167
17.168
17.169
17.17
17.171
17.172
17.173000000000002
17.174
17.175
17.176000000000002
17.177
17.178
17.179000000000002
17.18
17.181
17.182
17.183
17.184
17.185
17.186
17.187
17.188
17.189
17.19
17.191
17.192
17.193
17.194
17.195
17.196
17.197
17.198
17.199
17.2
17.201
17.202
17.203
17.204
17.205000000000002
17.206
17.207
17.208000000000002
17.209
17.21
17.211000000000002
17.212
17.213
17.214
17.215
17.216
17.217
17.218
17.219
17.22
17.221
17.222
17.223
17.224
17.225
17.226
17.227
17.228
17.229
17.23
17.231
17.232
17.233
17.234
17.235
17.236
17.237000000000002
17.238
17.239
17.240000000000002
17.241
17.242
17.243000000000002
17.244
17.245
17.246
17.247
17.248
17.249
17.25
17.251
17.252
17.253
17.254
17.255
17.256
17.257
17.258
17.259
17.26
17.261
17.262
17.263
17.264
17.265
17.266000000000002
17.267
17.268
17.269000000000002
17.27
17.271
17.272000000000002
17.273
17.274
17.275000000000002
17.276
17.277
17.278
17.279
17.28
17.281
17.282
17.283
17.284
17.285
17.286
17.287
17.288
17.289
17.29
17.291
17.292
17.293
17.294
17.295
17.296
17.297
17.298000000000002
17.299
17.3
17.301000000000002
17.302
17.303
17.304000000000002
17.305
17.306
17.307
17.308
17.309
17.31
17.311
17.312
17.313
17.314
17.315
17.316
17.317
17.318
17.319
17.32
17.321
17.322
17.323
17.324
17.325
17.326
17.327
17.328
17.329
17.330000000000002
17.331
17.332
17.333000000000002
17.334
17.335
17.336000000000002
17.337
17.338
17.339
17.34
17.341
17.342
17.343
17.344
17.345
17.346
17.347
17.348
17.349
17.35
17.351
17.352
17.353
17.354
17.355
17.356
17.357
17.358
17.359
17.36
17.361
17.362000000000002
17.363
17.364
17.365000000000002
17.366
17.367
17.368000000000002
17.369
17.37
17.371
17.372
17.373
17.374
17.375
17.376
17.377
17.378
17.379
17.38
17.381
17.382
17.383
17.384
17.385
17.386
17.387
17.388
17.389
17.39
17.391000000000002
17.392
17.393
17.394000000000002
17.395
17.396
17.397000000000002
17.398
17.399
17.400000000000002
17.401
17.402
17.403
17.404
17.405
17.406
17.407
17.408
17.409
17.41
17.411
17.412
17.413
17.414
17.415
17.416
17.417
17.418
17.419
17.42
17.421
17.422
17.423000000000002
17.424
17.425
17.426000000000002
17.427
17.428
17.429000000000002
17.43
17.431
17.432
17.433
17.434
17.435
17.436
17.437
17.438
17.439
17.44
17.441
17.442
17.443
17.444
17.445
17.446
17.447
17.448
17.449
17.45
17.451
17.452
17.453
17.454
17.455000000000002
17.456
17.457
17.458000000000002
17.459
17.46
17.461000000000002
17.462
17.463
17.464
17.465
17.466
17.467
17.468
17.469
17.47
17.471
17.472
17.473
17.474
17.475
17.476
17.477
17.478
17.479
17.48
17.481
17.482
17.483
17.484
17.485
17.486
17.487000000000002
17.488
17.489
17.490000000000002
17.491
17.492
17.493000000000002
17.494
17.495
17.496
17.497
17.498
17.499
17.5
17.501
17.502
17.503
17.504
17.505
17.506
17.507
17.508
17.509
17.51
17.511
17.512
17.513
17.514
17.515
17.516000000000002
17.517
17.518
17.519000000000002
17.52
17.521
17.522000000000002
17.523
17.524
17.525000000000002
17.526
17.527
17.528
17.529
17.53
17.531
17.532
17.533
17.534
17.535
17.536
17.537
17.538
17.539
17.54
17.541
17.542
17.543
17.544
17.545
17.546
17.547
17.548000000000002
17.549
17.55
17.551000000000002
17.552
17.553
17.554000000000002
17.555
17.556
17.557
17.558
17.559
17.56
17.561
17.562
17.563
17.564
17.565
17.566
17.567
17.568
17.569
17.57
17.571
17.572
17.573
17.574
17.575
17.576
17.577
17.578
17.579
17.580000000000002
17.581
17.582
17.583000000000002
17.584
17.585
17.586000000000002
17.587
17.588
17.589
17.59
17.591
17.592
17.593
17.594
17.595
17.596
17.597
17.598
17.599
17.6
17.601
17.602
17.603
17.604
17.605
17.606
17.607
17.608
17.609
17.61
17.611
17.612000000000002
17.613
17.614
17.615000000000002
17.616
17.617
17.618000000000002
17.619
17.62
17.621
17.622
17.623
17.624
17.625
17.626
17.627
17.628
17.629
17.63
17.631
17.632
17.633
17.634
17.635
17.636
17.637
17.638
17.639
17.64
17.641000000000002
17.642
17.643
17.644000000000002
17.645
17.646
17.647000000000002
17.648
17.649
17.650000000000002
17.651
17.652
17.653
17.654
17.655
17.656
17.657
17.658
17.659
17.66
17.661
17.662
17.663
17.664
17.665
17.666
17.667
17.668
17.669
17.67
17.671
17.672
17.673000000000002
17.674
17.675
17.676000000000002
17.677
17.678
17.679000000000002
17.68
17.681
17.682
17.683
17.684
17.685
17.686
17.687
17.688
17.689
17.69
17.691
17.692
17.693
17.694
17.695
17.696
17.697
17.698
17.699
17.7
17.701
17.702
17.703
17.704
17.705000000000002
17.706
17.707
17.708000000000002
17.709
17.71
17.711000000000002
17.712
17.713
17.714
17.715
17.716
17.717
17.718
17.719
17.72
17.721
17.722
17.723
17.724
17.725
17.726
17.727
17.728
17.729
17.73
17.731
17.732
17.733
17.734
17.735
17.736
17.737000000000002
17.738
17.739
17.740000000000002
17.741
17.742
17.743000000000002
17.744
17.745
17.746
17.747
17.748
17.749
17.75
17.751
17.752
17.753
17.754
17.755
17.756
17.757
17.758
17.759
17.76
17.761
17.762
17.763
17.764
17.765
17.766000000000002
17.767
17.768
17.769000000000002
17.77
17.771
17.772000000000002
17.773
17.774
17.775000000000002
17.776
17.777
17.778
17.779
17.78
17.781
17.782
17.783
17.784
17.785
17.786
17.787
17.788
17.789
17.79
17.791
17.792
17.793
17.794
17.795
17.796
17.797
17.798000000000002
17.799
17.8
17.801000000000002
17.802
17.803
17.804000000000002
17.805
17.806
17.807
17.808
17.809
17.81
17.811
17.812
17.813
17.814
17.815
17.816
17.817
17.818
17.819
17.82
17.821
17.822
17.823
17.824
17.825
17.826
17.827
17.828
17.829
17.830000000000002
17.831
17.832
17.833000000000002
17.834
17.835
17.836000000000002
17.837
17.838
17.839
17.84
17.841
17.842
17.843
17.844
17.845
17.846
17.847
17.848
17.849
17.85
17.851
17.852
17.853
17.854
17.855
17.856
17.857
17.858
17.859
17.86
17.861
17.862000000000002
17.863
17.864
17.865000000000002
17.866
17.867
17.868000000000002
17.869
17.87
17.871
17.872
17.873
17.874
17.875
17.876
17.877
17.878
17.879
17.88
17.881
17.882
17.883
17.884
17.885
17.886
17.887
17.888
17.889
17.89
17.891000000000002
17.892
17.893
17.894000000000002
17.895
17.896
17.897000000000002
17.898
17.899
17.900000000000002
17.901
17.902
17.903
17.904
17.905
17.906
17.907
17.908
17.909
17.91
17.911
17.912
17.913
17.914
17.915
17.916
17.917
17.918
17.919
17.92
17.921
17.922
17.923000000000002
17.924
17.925
17.926000000000002
17.927
17.928
17.929000000000002
17.93
17.931
17.932
17.933
17.934
17.935
17.936
17.937
17.938
17.939
17.94
17.941
17.942
17.943
17.944
17.945
17.946
17.947
17.948
17.949
17.95
17.951
17.952
17.953
17.954
17.955000000000002
17.956
17.957
17.958000000000002
17.959
17.96
17.961000000000002
17.962
17.963
17.964
17.965
17.966
17.967
17.968
17.969
17.97
17.971
17.972
17.973
17.974
17.975
17.976
17.977
17.978
17.979
17.98
17.981
17.982
17.983
17.984
17.985
17.986
17.987000000000002
17.988
17.989
17.990000000000002
17.991
17.992
17.993000000000002
17.994
17.995
17.996
17.997
17.998
17.999
18.0
18.001
18.002
18.003
18.004
18.005
18.006
18.007
18.008
18.009
18.01
18.011
18.012
18.013
18.014
18.015
18.016000000000002
18.017
18.018
18.019000000000002
18.02
18.021
18.022000000000002
18.023
18.024
18.025000000000002
18.026
18.027
18.028
18.029
18.03
18.031
18.032
18.033
18.034
18.035
18.036
18.037
18.038
18.039
18.04
18.041
18.042
18.043
18.044
18.045
18.046
18.047
18.048000000000002
18.049
18.05
18.051000000000002
18.052
18.053
18.054000000000002
18.055
18.056
18.057
18.058
18.059
18.06
18.061
18.062
18.063
18.064
18.065
18.066
18.067
18.068
18.069
18.07
18.071
18.072
18.073
18.074
18.075
18.076
18.077
18.078
18.079
18.080000000000002
18.081
18.082
18.083000000000002
18.084
18.085
18.086000000000002
18.087
18.088
18.089
18.09
18.091
18.092
18.093
18.094
18.095
18.096
18.097
18.098
18.099
18.1
18.101
18.102
18.103
18.104
18.105
18.106
18.107
18.108
18.109
18.11
18.111
18.112000000000002
18.113
18.114
18.115000000000002
18.116
18.117
18.118000000000002
18.119
18.12
18.121
18.122
18.123
18.124
18.125
18.126
18.127
18.128
18.129
18.13
18.131
18.132
18.133
18.134
18.135
18.136
18.137
18.138
18.139
18.14
18.141000000000002
18.142
18.143
18.144000000000002
18.145
18.146
18.147000000000002
18.148
18.149
18.150000000000002
18.151
18.152
18.153
18.154
18.155
18.156
18.157
18.158
18.159
18.16
18.161
18.162
18.163
18.164
18.165
18.166
18.167
18.168
18.169
18.17
18.171
18.172
18.173000000000002
18.174
18.175
18.176000000000002
18.177
18.178
18.179000000000002
18.18
18.181
18.182
18.183
18.184
18.185
18.186
18.187
18.188
18.189
18.19
18.191
18.192
18.193
18.194
18.195
18.196
18.197
18.198
18.199
18.2
18.201
18.202
18.203
18.204
18.205000000000002
18.206
18.207
18.208000000000002
18.209
18.21
18.211000000000002
18.212
18.213
18.214
18.215
18.216
18.217
18.218
18.219
18.22
18.221
18.222
18.223
18.224
18.225
18.226
18.227
18.228
18.229
18.23
18.231
18.232
18.233
18.234
18.235
18.236
18.237000000000002
18.238
18.239
18.240000000000002
18.241
18.242
18.243000000000002
18.244
18.245
18.246
18.247
18.248
18.249
18.25
18.251
18.252
18.253
18.254
18.255
18.256
18.257
18.258
18.259
18.26
18.261
18.262
18.263
18.264
18.265
18.266000000000002
18.267
18.268
18.269000000000002
18.27
18.271
18.272000000000002
18.273
18.274
18.275000000000002
18.276
18.277
18.278
18.279
18.28
18.281
18.282
18.283
18.284
18.285
18.286
18.287
18.288
18.289
18.29
18.291
18.292
18.293
18.294
18.295
18.296
18.297
18.298000000000002
18.299
18.3
18.301000000000002
18.302
18.303
18.304000000000002
18.305
18.306
18.307
18.308
18.309
18.31
18.311
18.312
18.313
18.314
18.315
18.316
18.317
18.318
18.319
18.32
18.321
18.322
18.323
18.324
18.325
18.326
18.327
18.328
18.329
18.330000000000002
18.331
18.332
18.333000000000002
18.334
18.335
18.336000000000002
18.337
18.338
18.339
18.34
18.341
18.342
18.343
18.344
18.345
18.346
18.347
18.348
18.349
18.35
18.351
18.352
18.353
18.354
18.355
18.356
18.357
18.358
18.359
18.36
18.361
18.362000000000002
18.363
18.364
18.365000000000002
18.366
18.367
18.368000000000002
18.369
18.37
18.371
18.372
18.373
18.374
18.375
18.376
18.377
18.378
18.379
18.38
18.381
18.382
18.383
18.384
18.385
18.386
18.387
18.388
18.389
18.39
18.391000000000002
18.392
18.393
18.394000000000002
18.395
18.396
18.397000000000002
18.398
18.399
18.400000000000002
18.401
18.402
18.403
18.404
18.405
18.406
18.407
18.408
18.409
18.41
18.411
18.412
18.413
18.414
18.415
18.416
18.417
18.418
18.419
18.42
18.421
18.422
18.423000000000002
18.424
18.425
18.426000000000002
18.427
18.428
18.429000000000002
18.43
18.431
18.432000000000002
18.433
18.434
18.435
18.436
18.437
18.438
18.439
18.44
18.441
18.442
18.443
18.444
18.445
18.446
18.447
18.448
18.449
18.45
18.451
18.452
18.453
18.454
18.455000000000002
18.456
18.457
18.458000000000002
18.459
18.46
18.461000000000002
18.462
18.463
18.464
18.465
18.466
18.467
18.468
18.469
18.47
18.471
18.472
18.473
18.474
18.475
18.476
18.477
18.478
18.479
18.48
18.481
18.482
18.483
18.484
18.485
18.486
18.487000000000002
18.488
18.489
18.490000000000002
18.491
18.492
18.493000000000002
18.494
18.495
18.496
18.497
18.498
18.499
18.5
18.501
18.502
18.503
18.504
18.505
18.506
18.507
18.508
18.509
18.51
18.511
18.512
18.513
18.514
18.515
18.516000000000002
18.517
18.518
18.519000000000002
18.52
18.521
18.522000000000002
18.523
18.524
18.525000000000002
18.526
18.527
18.528
18.529
18.53
18.531
18.532
18.533
18.534
18.535
18.536
18.537
18.538
18.539
18.54
18.541
18.542
18.543
18.544
18.545
18.546
18.547
18.548000000000002
18.549
18.55
18.551000000000002
18.552
18.553
18.554000000000002
18.555
18.556
18.557000000000002
18.558
18.559
18.56
18.561
18.562
18.563
18.564
18.565
18.566
18.567
18.568
18.569
18.57
18.571
18.572
18.573
18.574
18.575
18.576
18.577
18.578
18.579
18.580000000000002
18.581
18.582
18.583000000000002
18.584
18.585
18.586000000000002
18.587
18.588
18.589
18.59
18.591
18.592
18.593
18.594
18.595
18.596
18.597
18.598
18.599
18.6
18.601
18.602
18.603
18.604
18.605
18.606
18.607
18.608
18.609
18.61
18.611
18.612000000000002
18.613
18.614
18.615000000000002
18.616
18.617
18.618000000000002
18.619
18.62
18.621
18.622
18.623
18.624
18.625
18.626
18.627
18.628
18.629
18.63
18.631
18.632
18.633
18.634
18.635
18.636
18.637
18.638
18.639
18.64
18.641000000000002
18.642
18.643
18.644000000000002
18.645
18.646
18.647000000000002
18.648
18.649
18.650000000000002
18.651
18.652
18.653
18.654
18.655
18.656
18.657
18.658
18.659
18.66
18.661
18.662
18.663
18.664
18.665
18.666
18.667
18.668
18.669
18.67
18.671
18.672
18.673000000000002
18.674
18.675
18.676000000000002
18.677
18.678
18.679000000000002
18.68
18.681
18.682000000000002
18.683
18.684
18.685
18.686
18.687
18.688
18.689
18.69
18.691
18.692
18.693
18.694
18.695
18.696
18.697
18.698
18.699
18.7
18.701
18.702
18.703
18.704
18.705000000000002
18.706
18.707
18.708000000000002
18.709
18.71
18.711000000000002
18.712
18.713
18.714
18.715
18.716
18.717
18.718
18.719
18.72
18.721
18.722
18.723
18.724
18.725
18.726
18.727
18.728
18.729
18.73
18.731
18.732
18.733
18.734
18.735
18.736
18.737000000000002
18.738
18.739
18.740000000000002
18.741
18.742
18.743000000000002
18.744
18.745
18.746
18.747
18.748
18.749
18.75
18.751
18.752
18.753
18.754
18.755
18.756
18.757
18.758
18.759
18.76
18.761
18.762
18.763
18.764
18.765
18.766000000000002
18.767
18.768
18.769000000000002
18.77
18.771
18.772000000000002
18.773
18.774
18.775000000000002
18.776
18.777
18.778
18.779
18.78
18.781
18.782
18.783
18.784
18.785
18.786
18.787
18.788
18.789
18.79
18.791
18.792
18.793
18.794
18.795
18.796
18.797
18.798000000000002
18.799
18.8
18.801000000000002
18.802
18.803
18.804000000000002
18.805
18.806
18.807000000000002
18.808
18.809
18.81
18.811
18.812
18.813
18.814
18.815
18.816
18.817
18.818
18.819
18.82
18.821
18.822
18.823
18.824
18.825
18.826
18.827
18.828
18.829
18.830000000000002
18.831
18.832
18.833000000000002
18.834
18.835
18.836000000000002
18.837
18.838
18.839
18.84
18.841
18.842
18.843
18.844
18.845
18.846
18.847
18.848
18.849
18.85
18.851
18.852
18.853
18.854
18.855
18.856
18.857
18.858
18.859
18.86
18.861
18.862000000000002
18.863
18.864
18.865000000000002
18.866
18.867
18.868000000000002
18.869
18.87
18.871
18.872
18.873
18.874
18.875
18.876
18.877
18.878
18.879
18.88
18.881
18.882
18.883
18.884
18.885
18.886
18.887
18.888
18.889
18.89
18.891000000000002
18.892
18.893
18.894000000000002
18.895
18.896
18.897000000000002
18.898
18.899
18.900000000000002
18.901
18.902
18.903
18.904
18.905
18.906
18.907
18.908
18.909
18.91
18.911
18.912
18.913
18.914
18.915
18.916
18.917
18.918
18.919
18.92
18.921
18.922
18.923000000000002
18.924
18.925
18.926000000000002
18.927
18.928
18.929000000000002
18.93
18.931
18.932000000000002
18.933
18.934
18.935
18.936
18.937
18.938
18.939
18.94
18.941
18.942
18.943
18.944
18.945
18.946
18.947
18.948
18.949
18.95
18.951
18.952
18.953
18.954
18.955000000000002
18.956
18.957
18.958000000000002
18.959
18.96
18.961000000000002
18.962
18.963
18.964
18.965
18.966
18.967
18.968
18.969
18.97
18.971
18.972
18.973
18.974
18.975
18.976
18.977
18.978
18.979
18.98
18.981
18.982
18.983
18.984
18.985
18.986
18.987000000000002
18.988
18.989
18.990000000000002
18.991
18.992
18.993000000000002
18.994
18.995
18.996
18.997
18.998
18.999
19.0
19.001
19.002
19.003
19.004
19.005
19.006
19.007
19.008
19.009
19.01
19.011
19.012
19.013
19.014
19.015
19.016000000000002
19.017
19.018
19.019000000000002
19.02
19.021
19.022000000000002
19.023
19.024
19.025000000000002
19.026
19.027
19.028
19.029
19.03
19.031
19.032
19.033
19.034
19.035
19.036
19.037
19.038
19.039
19.04
19.041
19.042
19.043
19.044
19.045
19.046
19.047
19.048000000000002
19.049
19.05
19.051000000000002
19.052
19.053
19.054000000000002
19.055
19.056
19.057000000000002
19.058
19.059
19.06
19.061
19.062
19.063
19.064
19.065
19.066
19.067
19.068
19.069
19.07
19.071
19.072
19.073
19.074
19.075
19.076
19.077
19.078
19.079
19.080000000000002
19.081
19.082
19.083000000000002
19.084
19.085
19.086000000000002
19.087
19.088
19.089
19.09
19.091
19.092
19.093
19.094
19.095
19.096
19.097
19.098
19.099
19.1
19.101
19.102
19.103
19.104
19.105
19.106
19.107
19.108
19.109
19.11
19.111
19.112000000000002
19.113
19.114
19.115000000000002
19.116
19.117
19.118000000000002
19.119
19.12
19.121
19.122
19.123
19.124
19.125
19.126
19.127
19.128
19.129
19.13
19.131
19.132
19.133
19.134
19.135
19.136
19.137
19.138
19.139
19.14
19.141000000000002
19.142
19.143
19.144000000000002
19.145
19.146
19.147000000000002
19.148
19.149
19.150000000000002
19.151
19.152
19.153
19.154
19.155
19.156
19.157
19.158
19.159
19.16
19.161
19.162
19.163
19.164
19.165
19.166
19.167
19.168
19.169
19.17
19.171
19.172
19.173000000000002
19.174
19.175
19.176000000000002
19.177
19.178
19.179000000000002
19.18
19.181
19.182000000000002
19.183
19.184
19.185
19.186
19.187
19.188
19.189
19.19
19.191
19.192
19.193
19.194
19.195
19.196
19.197
19.198
19.199
19.2
19.201
19.202
19.203
19.204
19.205000000000002
19.206
19.207
19.208000000000002
19.209
19.21
19.211000000000002
19.212
19.213
19.214
19.215
19.216
19.217
19.218
19.219
19.22
19.221
19.222
19.223
19.224
19.225
19.226
19.227
19.228
19.229
19.23
19.231
19.232
19.233
19.234
19.235
19.236
19.237000000000002
19.238
19.239
19.240000000000002
19.241
19.242
19.243000000000002
19.244
19.245
19.246
19.247
19.248
19.249
19.25
19.251
19.252
19.253
19.254
19.255
19.256
19.257
19.258
19.259
19.26
19.261
19.262
19.263
19.264
19.265
19.266000000000002
19.267
19.268
19.269000000000002
19.27
19.271
19.272000000000002
19.273
19.274
19.275000000000002
19.276
19.277
19.278
19.279
19.28
19.281
19.282
19.283
19.284
19.285
19.286
19.287
19.288
19.289
19.29
19.291
19.292
19.293
19.294
19.295
19.296
19.297
19.298000000000002
19.299
19.3
19.301000000000002
19.302
19.303
19.304000000000002
19.305
19.306
19.307000000000002
19.308
19.309
19.31
19.311
19.312
19.313
19.314
19.315
19.316
19.317
19.318
19.319
19.32
19.321
19.322
19.323
19.324
19.325
19.326
19.327
19.328
19.329
19.330000000000002
19.331
19.332
19.333000000000002
19.334
19.335
19.336000000000002
19.337
19.338
19.339
19.34
19.341
19.342
19.343
19.344
19.345
19.346
19.347
19.348
19.349
19.35
19.351
19.352
19.353
19.354
19.355
19.356
19.357
19.358
19.359
19.36
19.361
19.362000000000002
19.363
19.364
19.365000000000002
19.366
19.367
19.368000000000002
19.369
19.37
19.371
19.372
19.373
19.374
19.375
19.376
19.377
19.378
19.379
19.38
19.381
19.382
19.383
19.384
19.385
19.386
19.387
19.388
19.389
19.39
19.391000000000002
19.392
19.393
19.394000000000002
19.395
19.396
19.397000000000002
19.398
19.399
19.400000000000002
19.401
19.402
19.403
19.404
19.405
19.406
19.407
19.408
19.409
19.41
19.411
19.412
19.413
19.414
19.415
19.416
19.417
19.418
19.419
19.42
19.421
19.422
19.423000000000002
19.424
19.425
19.426000000000002
19.427
19.428
19.429000000000002
19.43
19.431
19.432000000000002
19.433
19.434
19.435
19.436
19.437
19.438
19.439
19.44
19.441
19.442
19.443
19.444
19.445
19.446
19.447
19.448
19.449
19.45
19.451
19.452
19.453
19.454
19.455000000000002
19.456
19.457
19.458000000000002
19.459
19.46
19.461000000000002
19.462
19.463
19.464
19.465
19.466
19.467
19.468
19.469
19.47
19.471
19.472
19.473
19.474
19.475
19.476
19.477
19.478
19.479
19.48
19.481
19.482
19.483
19.484
19.485
19.486
19.487000000000002
19.488
19.489
19.490000000000002
19.491
19.492
19.493000000000002
19.494
19.495
19.496
19.497
19.498
19.499
19.5
19.501
19.502
19.503
19.504
19.505
19.506
19.507
19.508
19.509
19.51
19.511
19.512
19.513
19.514
19.515
19.516000000000002
19.517
19.518
19.519000000000002
19.52
19.521
19.522000000000002
19.523
19.524
19.525000000000002
19.526
19.527
19.528
19.529
19.53
19.531
19.532
19.533
19.534
19.535
19.536
19.537
19.538
19.539
19.54
19.541
19.542
19.543
19.544
19.545
19.546
19.547
19.548000000000002
19.549
19.55
19.551000000000002
19.552
19.553
19.554000000000002
19.555
19.556
19.557000000000002
19.558
19.559
19.56
19.561
19.562
19.563
19.564
19.565
19.566
19.567
19.568
19.569
19.57
19.571
19.572
19.573
19.574
19.575
19.576
19.577
19.578
19.579
19.580000000000002
19.581
19.582
19.583000000000002
19.584
19.585
19.586000000000002
19.587
19.588
19.589
19.59
19.591
19.592
19.593
19.594
19.595
19.596
19.597
19.598
19.599
19.6
19.601
19.602
19.603
19.604
19.605
19.606
19.607
19.608
19.609
19.61
19.611
19.612000000000002
19.613
19.614
19.615000000000002
19.616
19.617
19.618000000000002
19.619
19.62
19.621
19.622
19.623
19.624
19.625
19.626
19.627
19.628
19.629
19.63
19.631
19.632
19.633
19.634
19.635
19.636
19.637
19.638
19.639
19.64
19.641000000000002
19.642
19.643
19.644000000000002
19.645
19.646
19.647000000000002
19.648
19.649
19.650000000000002
19.651
19.652
19.653
19.654
19.655
19.656
19.657
19.658
19.659
19.66
19.661
19.662
19.663
19.664
19.665
19.666
19.667
19.668
19.669
19.67
19.671
19.672
19.673000000000002
19.674
19.675
19.676000000000002
19.677
19.678
19.679000000000002
19.68
19.681
19.682000000000002
19.683
19.684
19.685
19.686
19.687
19.688
19.689
19.69
19.691
19.692
19.693
19.694
19.695
19.696
19.697
19.698
19.699
19.7
19.701
19.702
19.703
19.704
19.705000000000002
19.706
19.707
19.708000000000002
19.709
19.71
19.711000000000002
19.712
19.713
19.714
19.715
19.716
19.717
19.718
19.719
19.72
19.721
19.722
19.723
19.724
19.725
19.726
19.727
19.728
19.729
19.73
19.731
19.732
19.733
19.734
19.735
19.736
19.737000000000002
19.738
19.739
19.740000000000002
19.741
19.742
19.743000000000002
19.744
19.745
19.746
19.747
19.748
19.749
19.75
19.751
19.752
19.753
19.754
19.755
19.756
19.757
19.758
19.759
19.76
19.761
19.762
19.763
19.764
19.765
19.766000000000002
19.767
19.768
19.769000000000002
19.77
19.771
19.772000000000002
19.773
19.774
19.775000000000002
19.776
19.777
19.778
19.779
19.78
19.781
19.782
19.783
19.784
19.785
19.786
19.787
19.788
19.789
19.79
19.791
19.792
19.793
19.794
19.795
19.796
19.797
19.798000000000002
19.799
19.8
19.801000000000002
19.802
19.803
19.804000000000002
19.805
19.806
19.807000000000002
19.808
19.809
19.81
19.811
19.812
19.813
19.814
19.815
19.816
19.817
19.818
19.819
19.82
19.821
19.822
19.823
19.824
19.825
19.826
19.827
19.828
19.829
19.830000000000002
19.831
19.832
19.833000000000002
19.834
19.835
19.836000000000002
19.837
19.838
19.839000000000002
19.84
19.841
19.842
19.843
19.844
19.845
19.846
19.847
19.848
19.849
19.85
19.851
19.852
19.853
19.854
19.855
19.856
19.857
19.858
19.859
19.86
19.861
19.862000000000002
19.863
19.864
19.865000000000002
19.866
19.867
19.868000000000002
19.869
19.87
19.871
19.872
19.873
19.874
19.875
19.876
19.877
19.878
19.879
19.88
19.881
19.882
19.883
19.884
19.885
19.886
19.887
19.888
19.889
19.89
19.891000000000002
19.892
19.893
19.894000000000002
19.895
19.896
19.897000000000002
19.898
19.899
19.900000000000002
19.901
19.902
19.903
19.904
19.905
19.906
19.907
19.908
19.909
19.91
19.911
19.912
19.913
19.914
19.915
19.916
19.917
19.918
19.919
19.92
19.921
19.922
19.923000000000002
19.924
19.925
19.926000000000002
19.927
19.928
19.929000000000002
19.93
19.931
19.932000000000002
19.933
19.934
19.935
19.936
19.937
19.938
19.939
19.94
19.941
19.942
19.943
19.944
19.945
19.946
19.947
19.948
19.949
19.95
19.951
19.952
19.953
19.954
19.955000000000002
19.956
19.957
19.958000000000002
19.959
19.96
19.961000000000002
19.962
19.963
19.964000000000002
19.965
19.966
19.967
19.968
19.969
19.97
19.971
19.972
19.973
19.974
19.975
19.976
19.977
19.978
19.979
19.98
19.981
19.982
19.983
19.984
19.985
19.986
19.987000000000002
19.988
19.989
19.990000000000002
19.991
19.992
19.993000000000002
19.994
19.995
19.996
19.997
19.998
19.999
20.0
20.001
20.002
20.003
20.004
20.005
20.006
20.007
20.008
20.009
20.01
20.011
20.012
20.013
20.014
20.015
20.016000000000002
20.017
20.018
20.019000000000002
20.02
20.021
20.022000000000002
20.023
20.024
20.025000000000002
20.026
20.027
20.028
20.029
20.03
20.031
20.032
20.033
20.034
20.035
20.036
20.037
20.038
20.039
20.04
20.041
20.042
20.043
20.044
20.045
20.046
20.047
20.048000000000002
20.049
20.05
20.051000000000002
20.052
20.053
20.054000000000002
20.055
20.056
20.057000000000002
20.058
20.059
20.06
20.061
20.062
20.063
20.064
20.065
20.066
20.067
20.068
20.069
20.07
20.071
20.072
20.073
20.074
20.075
20.076
20.077
20.078
20.079
20.080000000000002
20.081
20.082
20.083000000000002
20.084
20.085
20.086000000000002
20.087
20.088
20.089000000000002
20.09
20.091
20.092
20.093
20.094
20.095
20.096
20.097
20.098
20.099
20.1
20.101
20.102
20.103
20.104
20.105
20.106
20.107
20.108
20.109
20.11
20.111
20.112000000000002
20.113
20.114
20.115000000000002
20.116
20.117
20.118000000000002
20.119
20.12
20.121
20.122
20.123
20.124
20.125
20.126
20.127
20.128
20.129
20.13
20.131
20.132
20.133
20.134
20.135
20.136
20.137
20.138
20.139
20.14
20.141000000000002
20.142
20.143
20.144000000000002
20.145
20.146
20.147000000000002
20.148
20.149
20.150000000000002
20.151
20.152
20.153
20.154
20.155
20.156
20.157
20.158
20.159
20.16
20.161
20.162
20.163
20.164
20.165
20.166
20.167
20.168
20.169
20.17
20.171
20.172
20.173000000000002
20.174
20.175
20.176000000000002
20.177
20.178
20.179000000000002
20.18
20.181
20.182000000000002
20.183
20.184
20.185
20.186
20.187
20.188
20.189
20.19
20.191
20.192
20.193
20.194
20.195
20.196
20.197
20.198
20.199
20.2
20.201
20.202
20.203
20.204
20.205000000000002
20.206
20.207
20.208000000000002
20.209
20.21
20.211000000000002
20.212
20.213
20.214000000000002
20.215
20.216
20.217
20.218
20.219
20.22
20.221
20.222
20.223
20.224
20.225
20.226
20.227
20.228
20.229
20.23
20.231
20.232
20.233
20.234
20.235
20.236
20.237000000000002
20.238
20.239
20.240000000000002
20.241
20.242
20.243000000000002
20.244
20.245
20.246
20.247
20.248
20.249
20.25
20.251
20.252
20.253
20.254
20.255
20.256
20.257
20.258
20.259
20.26
20.261
20.262
20.263
20.264
20.265
20.266000000000002
20.267
20.268
20.269000000000002
20.27
20.271
20.272000000000002
20.273
20.274
20.275000000000002
20.276
20.277
20.278
20.279
20.28
20.281
20.282
20.283
20.284
20.285
20.286
20.287
20.288
20.289
20.29
20.291
20.292
20.293
20.294
20.295
20.296
20.297
20.298000000000002
20.299
20.3
20.301000000000002
20.302
20.303
20.304000000000002
20.305
20.306
20.307000000000002
20.308
20.309
20.31
20.311
20.312
20.313
20.314
20.315
20.316
20.317
20.318
20.319
20.32
20.321
20.322
20.323
20.324
20.325
20.326
20.327
20.328
20.329
20.330000000000002
20.331
20.332
20.333000000000002
20.334
20.335
20.336000000000002
20.337
20.338
20.339000000000002
20.34
20.341
20.342
20.343
20.344
20.345
20.346
20.347
20.348
20.349
20.35
20.351
20.352
20.353
20.354
20.355
20.356
20.357
20.358
20.359
20.36
20.361
20.362000000000002
20.363
20.364
20.365000000000002
20.366
20.367
20.368000000000002
20.369
20.37
20.371
20.372
20.373
20.374
20.375
20.376
20.377
20.378
20.379
20.38
20.381
20.382
20.383
20.384
20.385
20.386
20.387
20.388
20.389
20.39
20.391000000000002
20.392
20.393
20.394000000000002
20.395
20.396
20.397000000000002
20.398
20.399
20.400000000000002
20.401
20.402
20.403
20.404
20.405
20.406
20.407
20.408
20.409
20.41
20.411
20.412
20.413
20.414
20.415
20.416
20.417
20.418
20.419
20.42
20.421
20.422
20.423000000000002
20.424
20.425
20.426000000000002
20.427
20.428
20.429000000000002
20.43
20.431
20.432000000000002
20.433
20.434
20.435
20.436
20.437
20.438
20.439
20.44
20.441
20.442
20.443
20.444
20.445
20.446
20.447
20.448
20.449
20.45
20.451
20.452
20.453
20.454
20.455000000000002
20.456
20.457
20.458000000000002
20.459
20.46
20.461000000000002
20.462
20.463
20.464000000000002
20.465
20.466
20.467
20.468
20.469
20.47
20.471
20.472
20.473
20.474
20.475
20.476
20.477
20.478
20.479
20.48
20.481
20.482
20.483
20.484
20.485
20.486
20.487000000000002
20.488
20.489
20.490000000000002
20.491
20.492
20.493000000000002
20.494
20.495
20.496
20.497
20.498
20.499
20.5
20.501
20.502
20.503
20.504
20.505
20.506
20.507
20.508
20.509
20.51
20.511
20.512
20.513
20.514
20.515
20.516000000000002
20.517
20.518
20.519000000000002
20.52
20.521
20.522000000000002
20.523
20.524
20.525000000000002
20.526
20.527
20.528
20.529
20.53
20.531
20.532
20.533
20.534
20.535
20.536
20.537
20.538
20.539
20.54
20.541
20.542
20.543
20.544
20.545
20.546
20.547
20.548000000000002
20.549
20.55
20.551000000000002
20.552
20.553
20.554000000000002
20.555
20.556
20.557000000000002
20.558
20.559
20.56
20.561
20.562
20.563
20.564
20.565
20.566
20.567
20.568
20.569
20.57
20.571
20.572
20.573
20.574
20.575
20.576
20.577
20.578
20.579
20.580000000000002
20.581
20.582
20.583000000000002
20.584
20.585
20.586000000000002
20.587
20.588
20.589000000000002
20.59
20.591
20.592
20.593
20.594
20.595
20.596
20.597
20.598
20.599
20.6
20.601
20.602
20.603
20.604
20.605
20.606
20.607
20.608
20.609
20.61
20.611
20.612000000000002
20.613
20.614
20.615000000000002
20.616
20.617
20.618000000000002
20.619
20.62
20.621
20.622
20.623
20.624
20.625
20.626
20.627
20.628
20.629
20.63
20.631
20.632
20.633
20.634
20.635
20.636
20.637
20.638
20.639
20.64
20.641000000000002
20.642
20.643
20.644000000000002
20.645
20.646
20.647000000000002
20.648
20.649
20.650000000000002
20.651
20.652
20.653
20.654
20.655
20.656
20.657
20.658
20.659
20.66
20.661
20.662
20.663
20.664
20.665
20.666
20.667
20.668
20.669
20.67
20.671
20.672
20.673000000000002
20.674
20.675
20.676000000000002
20.677
20.678
20.679000000000002
20.68
20.681
20.682000000000002
20.683
20.684
20.685
20.686
20.687
20.688
20.689
20.69
20.691
20.692
20.693
20.694
20.695
20.696
20.697
20.698
20.699
20.7
20.701
20.702
20.703
20.704
20.705000000000002
20.706
20.707
20.708000000000002
20.709
20.71
20.711000000000002
20.712
20.713
20.714000000000002
20.715
20.716
20.717
20.718
20.719
20.72
20.721
20.722
20.723
20.724
20.725
20.726
20.727
20.728
20.729
20.73
20.731
20.732
20.733
20.734
20.735
20.736
20.737000000000002
20.738
20.739
20.740000000000002
20.741
20.742
20.743000000000002
20.744
20.745
20.746
20.747
20.748
20.749
20.75
20.751
20.752
20.753
20.754
20.755
20.756
20.757
20.758
20.759
20.76
20.761
20.762
20.763
20.764
20.765
20.766000000000002
20.767
20.768
20.769000000000002
20.77
20.771
20.772000000000002
20.773
20.774
20.775000000000002
20.776
20.777
20.778
20.779
20.78
20.781
20.782
20.783
20.784
20.785
20.786
20.787
20.788
20.789
20.79
20.791
20.792
20.793
20.794
20.795
20.796
20.797
20.798000000000002
20.799
20.8
20.801000000000002
20.802
20.803
20.804000000000002
20.805
20.806
20.807000000000002
20.808
20.809
20.81
20.811
20.812
20.813
20.814
20.815
20.816
20.817
20.818
20.819
20.82
20.821
20.822
20.823
20.824
20.825
20.826
20.827
20.828
20.829
20.830000000000002
20.831
20.832
20.833000000000002
20.834
20.835
20.836000000000002
20.837
20.838
20.839000000000002
20.84
20.841
20.842
20.843
20.844
20.845
20.846
20.847
20.848
20.849
20.85
20.851
20.852
20.853
20.854
20.855
20.856
20.857
20.858
20.859
20.86
20.861
20.862000000000002
20.863
20.864
20.865000000000002
20.866
20.867
20.868000000000002
20.869
20.87
20.871
20.872
20.873
20.874
20.875
20.876
20.877
20.878
20.879
20.88
20.881
20.882
20.883
20.884
20.885
20.886
20.887
20.888
20.889
20.89
20.891000000000002
20.892
20.893
20.894000000000002
20.895
20.896
20.897000000000002
20.898
20.899
20.900000000000002
20.901
20.902
20.903
20.904
20.905
20.906
20.907
20.908
20.909
20.91
20.911
20.912
20.913
20.914
20.915
20.916
20.917
20.918
20.919
20.92
20.921
20.922
20.923000000000002
20.924
20.925
20.926000000000002
20.927
20.928
20.929000000000002
20.93
20.931
20.932000000000002
20.933
20.934
20.935
20.936
20.937
20.938
20.939
20.94
20.941
20.942
20.943
20.944
20.945
20.946
20.947
20.948
20.949
20.95
20.951
20.952
20.953
20.954
20.955000000000002
20.956
20.957
20.958000000000002
20.959
20.96
20.961000000000002
20.962
20.963
20.964000000000002
20.965
20.966
20.967
20.968
20.969
20.97
20.971
20.972
20.973
20.974
20.975
20.976
20.977
20.978
20.979
20.98
20.981
20.982
20.983
20.984
20.985
20.986
20.987000000000002
20.988
20.989
20.990000000000002
20.991
20.992
20.993000000000002
20.994
20.995
20.996
20.997
20.998
20.999
21.0
21.001
21.002
21.003
21.004
21.005
21.006
21.007
21.008
21.009
21.01
21.011
21.012
21.013
21.014
21.015
21.016000000000002
21.017
21.018
21.019000000000002
21.02
21.021
21.022000000000002
21.023
21.024
21.025000000000002
21.026
21.027
21.028
21.029
21.03
21.031
21.032
21.033
21.034
21.035
21.036
21.037
21.038
21.039
21.04
21.041
21.042
21.043
21.044
21.045
21.046
21.047
21.048000000000002
21.049
21.05
21.051000000000002
21.052
21.053
21.054000000000002
21.055
21.056
21.057000000000002
21.058
21.059
21.06
21.061
21.062
21.063
21.064
21.065
21.066
21.067
21.068
21.069
21.07
21.071
21.072
21.073
21.074
21.075
21.076
21.077
21.078
21.079
21.080000000000002
21.081
21.082
21.083000000000002
21.084
21.085
21.086000000000002
21.087
21.088
21.089000000000002
21.09
21.091
21.092
21.093
21.094
21.095
21.096
21.097
21.098
21.099
21.1
21.101
21.102
21.103
21.104
21.105
21.106
21.107
21.108
21.109
21.11
21.111
21.112000000000002
21.113
21.114
21.115000000000002
21.116
21.117
21.118000000000002
21.119
21.12
21.121
21.122
21.123
21.124
21.125
21.126
21.127
21.128
21.129
21.13
21.131
21.132
21.133
21.134
21.135
21.136
21.137
21.138
21.139
21.14
21.141000000000002
21.142
21.143
21.144000000000002
21.145
21.146
21.147000000000002
21.148
21.149
21.150000000000002
21.151
21.152
21.153
21.154
21.155
21.156
21.157
21.158
21.159
21.16
21.161
21.162
21.163
21.164
21.165
21.166
21.167
21.168
21.169
21.17
21.171
21.172
21.173000000000002
21.174
21.175
21.176000000000002
21.177
21.178
21.179000000000002
21.18
21.181
21.182000000000002
21.183
21.184
21.185
21.186
21.187
21.188
21.189
21.19
21.191
21.192
21.193
21.194
21.195
21.196
21.197
21.198
21.199
21.2
21.201
21.202
21.203
21.204
21.205000000000002
21.206
21.207
21.208000000000002
21.209
21.21
21.211000000000002
21.212
21.213
21.214000000000002
21.215
21.216
21.217
21.218
21.219
21.22
21.221
21.222
21.223
21.224
21.225
21.226
21.227
21.228
21.229
21.23
21.231
21.232
21.233
21.234
21.235
21.236
21.237000000000002
21.238
21.239
21.240000000000002
21.241
21.242
21.243000000000002
21.244
21.245
21.246000000000002
21.247
21.248
21.249
21.25
21.251
21.252
21.253
21.254
21.255
21.256
21.257
21.258
21.259
21.26
21.261
21.262
21.263
21.264
21.265
21.266000000000002
21.267
21.268
21.269000000000002
21.27
21.271
21.272000000000002
21.273
21.274
21.275000000000002
21.276
21.277
21.278
21.279
21.28
21.281
21.282
21.283
21.284
21.285
21.286
21.287
21.288
21.289
21.29
21.291
21.292
21.293
21.294
21.295
21.296
21.297
21.298000000000002
21.299
21.3
21.301000000000002
21.302
21.303
21.304000000000002
21.305
21.306
21.307000000000002
21.308
21.309
21.31
21.311
21.312
21.313
21.314
21.315
21.316
21.317
21.318
21.319
21.32
21.321
21.322
21.323
21.324
21.325
21.326
21.327
21.328
21.329
21.330000000000002
21.331
21.332
21.333000000000002
21.334
21.335
21.336000000000002
21.337
21.338
21.339000000000002
21.34
21.341
21.342
21.343
21.344
21.345
21.346
21.347
21.348
21.349
21.35
21.351
21.352
21.353
21.354
21.355
21.356
21.357
21.358
21.359
21.36
21.361
21.362000000000002
21.363
21.364
21.365000000000002
21.366
21.367
21.368000000000002
21.369
21.37
21.371000000000002
21.372
21.373
21.374
21.375
21.376
21.377
21.378
21.379
21.38
21.381
21.382
21.383
21.384
21.385
21.386
21.387
21.388
21.389
21.39
21.391000000000002
21.392
21.393
21.394000000000002
21.395
21.396
21.397000000000002
21.398
21.399
21.400000000000002
21.401
21.402
21.403
21.404
21.405
21.406
21.407
21.408
21.409
21.41
21.411
21.412
21.413
21.414
21.415
21.416
21.417
21.418
21.419
21.42
21.421
21.422
21.423000000000002
21.424
21.425
21.426000000000002
21.427
21.428
21.429000000000002
21.43
21.431
21.432000000000002
21.433
21.434
21.435
21.436
21.437
21.438
21.439
21.44
21.441
21.442
21.443
21.444
21.445
21.446
21.447
21.448
21.449
21.45
21.451
21.452
21.453
21.454
21.455000000000002
21.456
21.457
21.458000000000002
21.459
21.46
21.461000000000002
21.462
21.463
21.464000000000002
21.465
21.466
21.467
21.468
21.469
21.47
21.471
21.472
21.473
21.474
21.475
21.476
21.477
21.478
21.479
21.48
21.481
21.482
21.483
21.484
21.485
21.486
21.487000000000002
21.488
21.489
21.490000000000002
21.491
21.492
21.493000000000002
21.494
21.495
21.496000000000002
21.497
21.498
21.499
21.5
21.501
21.502
21.503
21.504
21.505
21.506
21.507
21.508
21.509
21.51
21.511
21.512
21.513
21.514
21.515
21.516000000000002
21.517
21.518
21.519000000000002
21.52
21.521
21.522000000000002
21.523
21.524
21.525000000000002
21.526
21.527
21.528
21.529
21.53
21.531
21.532
21.533
21.534
21.535
21.536
21.537
21.538
21.539
21.54
21.541
21.542
21.543
21.544
21.545
21.546
21.547
21.548000000000002
21.549
21.55
21.551000000000002
21.552
21.553
21.554000000000002
21.555
21.556
21.557000000000002
21.558
21.559
21.56
21.561
21.562
21.563
21.564
21.565
21.566
21.567
21.568
21.569
21.57
21.571
21.572
21.573
21.574
21.575
21.576
21.577
21.578
21.579
21.580000000000002
21.581
21.582
21.583000000000002
21.584
21.585
21.586000000000002
21.587
21.588
21.589000000000002
21.59
21.591
21.592
21.593
21.594
21.595
21.596
21.597
21.598
21.599
21.6
21.601
21.602
21.603
21.604
21.605
21.606
21.607
21.608
21.609
21.61
21.611
21.612000000000002
21.613
21.614
21.615000000000002
21.616
21.617
21.618000000000002
21.619
21.62
21.621000000000002
21.622
21.623
21.624
21.625
21.626
21.627
21.628
21.629
21.63
21.631
21.632
21.633
21.634
21.635
21.636
21.637
21.638
21.639
21.64
21.641000000000002
21.642
21.643
21.644000000000002
21.645
21.646
21.647000000000002
21.648
21.649
21.650000000000002
21.651
21.652
21.653
21.654
21.655
21.656
21.657
21.658
21.659
21.66
21.661
21.662
21.663
21.664
21.665
21.666
21.667
21.668
21.669
21.67
21.671
21.672
21.673000000000002
21.674
21.675
21.676000000000002
21.677
21.678
21.679000000000002
21.68
21.681
21.682000000000002
21.683
21.684
21.685
21.686
21.687
21.688
21.689
21.69
21.691
21.692
21.693
21.694
21.695
21.696
21.697
21.698
21.699
21.7
21.701
21.702
21.703
21.704
21.705000000000002
21.706
21.707
21.708000000000002
21.709
21.71
21.711000000000002
21.712
21.713
21.714000000000002
21.715
21.716
21.717
21.718
21.719
21.72
21.721
21.722
21.723
21.724
21.725
21.726
21.727
21.728
21.729
21.73
21.731
21.732
21.733
21.734
21.735
21.736
21.737000000000002
21.738
21.739
21.740000000000002
21.741
21.742
21.743000000000002
21.744
21.745
21.746000000000002
21.747
21.748
21.749
21.75
21.751
21.752
21.753
21.754
21.755
21.756
21.757
21.758
21.759
21.76
21.761
21.762
21.763
21.764
21.765
21.766000000000002
21.767
21.768
21.769000000000002
21.77
21.771
21.772000000000002
21.773
21.774
21.775000000000002
21.776
21.777
21.778
21.779
21.78
21.781
21.782
21.783
21.784
21.785
21.786
21.787
21.788
21.789
21.79
21.791
21.792
21.793
21.794
21.795
21.796
21.797
21.798000000000002
21.799
21.8
21.801000000000002
21.802
21.803
21.804000000000002
21.805
21.806
21.807000000000002
21.808
21.809
21.81
21.811
21.812
21.813
21.814
21.815
21.816
21.817
21.818
21.819
21.82
21.821
21.822
21.823
21.824
21.825
21.826
21.827
21.828
21.829
21.830000000000002
21.831
21.832
21.833000000000002
21.834
21.835
21.836000000000002
21.837
21.838
21.839000000000002
21.84
21.841
21.842
21.843
21.844
21.845
21.846
21.847
21.848
21.849
21.85
21.851
21.852
21.853
21.854
21.855
21.856
21.857
21.858
21.859
21.86
21.861
21.862000000000002
21.863
21.864
21.865000000000002
21.866
21.867
21.868000000000002
21.869
21.87
21.871000000000002
21.872
21.873
21.874
21.875
21.876
21.877
21.878
21.879
21.88
21.881
21.882
21.883
21.884
21.885
21.886
21.887
21.888
21.889
21.89
21.891000000000002
21.892
21.893
21.894000000000002
21.895
21.896
21.897000000000002
21.898
21.899
21.900000000000002
21.901
21.902
21.903
21.904
21.905
21.906
21.907
21.908
21.909
21.91
21.911
21.912
21.913
21.914
21.915
21.916
21.917
21.918
21.919
21.92
21.921
21.922
21.923000000000002
21.924
21.925
21.926000000000002
21.927
21.928
21.929000000000002
21.93
21.931
21.932000000000002
21.933
21.934
21.935
21.936
21.937
21.938
21.939
21.94
21.941
21.942
21.943
21.944
21.945
21.946
21.947
21.948
21.949
21.95
21.951
21.952
21.953
21.954
21.955000000000002
21.956
21.957
21.958000000000002
21.959
21.96
21.961000000000002
21.962
21.963
21.964000000000002
21.965
21.966
21.967
21.968
21.969
21.97
21.971
21.972
21.973
21.974
21.975
21.976
21.977
21.978
21.979
21.98
21.981
21.982
21.983
21.984
21.985
21.986
21.987000000000002
21.988
21.989
21.990000000000002
21.991
21.992
21.993000000000002
21.994
21.995
21.996000000000002
21.997
21.998
21.999
