49.75
49.751
49.752
49.753
49.754
49.755
49.756
49.757
49.758
49.759
49.76
49.761
49.762
49.763
49.764
49.765
49.766
49.767
49.768
49.769
49.77
49.771
49.772
49.773
49.774
49.775
49.776
49.777
49.778
49.779
49.78
49.781
49.782000000000004
49.783
49.784
49.785000000000004
49.786
49.787
49.788000000000004
49.789
49.79
49.791000000000004
49.792
49.793
49.794000000000004
49.795
49.796
49.797000000000004
49.798
49.799
49.800000000000004
49.801
49.802
49.803000000000004
49.804
49.805
49.806000000000004
49.807
49.808
49.809
49.81
49.811
49.812
49.813
49.814
49.815
49.816
49.817
49.818
49.819
49.82
49.821
49.822
49.823
49.824
49.825
49.826
49.827
49.828
49.829
49.83
49.831
49.832
49.833
49.834
49.835
49.836
49.837
49.838
49.839
49.84
49.841
49.842
49.843
49.844
49.845
49.846000000000004
49.847
49.848
49.849000000000004
49.85
49.851
49.852000000000004
49.853
49.854
49.855000000000004
49.856
49.857
49.858000000000004
49.859
49.86
49.861000000000004
49.862
49.863
49.864000000000004
49.865
49.866
49.867000000000004
49.868
49.869
49.870000000000005
49.871
49.872
49.873
49.874
49.875
49.876
49.877
49.878
49.879
49.88
49.881
49.882
49.883
49.884
49.885
49.886
49.887
49.888
49.889
49.89
49.891
49.892
49.893
49.894
49.895
49.896
49.897
49.898
49.899
49.9
49.901
49.902
49.903
49.904
49.905
49.906
49.907000000000004
49.908
49.909
49.910000000000004
49.911
49.912
49.913000000000004
49.914
49.915
49.916000000000004
49.917
49.918
49.919000000000004
49.92
49.921
49.922000000000004
49.923
49.924
49.925000000000004
49.926
49.927
49.928000000000004
49.929
49.93
49.931000000000004
49.932
49.933
49.934
49.935
49.936
49.937
49.938
49.939
49.94
49.941
49.942
49.943
49.944
49.945
49.946
49.947
49.948
49.949
49.95
49.951
49.952
49.953
49.954
49.955
49.956
49.957
49.958
49.959
49.96
49.961
49.962
49.963
49.964
49.965
49.966
49.967
49.968
49.969
49.97
49.971000000000004
49.972
49.973
49.974000000000004
49.975
49.976
49.977000000000004
49.978
49.979
49.980000000000004
49.981
49.982
49.983000000000004
49.984
49.985
49.986000000000004
49.987
49.988
49.989000000000004
49.99
49.991
49.992000000000004
49.993
49.994
49.995000000000005
49.996
49.997
49.998
49.999
50.0
50.001
50.002
50.003
50.004
50.005
50.006
50.007
50.008
50.009
50.01
50.011
50.012
50.013
50.014
50.015
50.016
50.017
50.018
50.019
50.02
50.021
50.022
50.023
50.024
50.025
50.026
50.027
50.028
50.029
50.03
50.031
50.032000000000004
50.033
50.034
50.035000000000004
50.036
50.037
50.038000000000004
50.039
50.04
50.041000000000004
50.042
50.043
50.044000000000004
50.045
50.046
50.047000000000004
50.048
50.049
50.050000000000004
50.051
50.052
50.053000000000004
50.054
50.055
50.056000000000004
50.057
50.058
50.059
50.06
50.061
50.062
50.063
50.064
50.065
50.066
50.067
50.068
50.069
50.07
50.071
50.072
50.073
50.074
50.075
50.076
50.077
50.078
50.079
50.08
50.081
50.082
50.083
50.084
50.085
50.086
50.087
50.088
50.089
50.09
50.091
50.092
50.093
50.094
50.095
50.096000000000004
50.097
50.098
50.099000000000004
50.1
50.101
50.102000000000004
50.103
50.104
50.105000000000004
50.106
50.107
50.108000000000004
50.109
50.11
50.111000000000004
50.112
50.113
50.114000000000004
50.115
50.116
50.117000000000004
50.118
50.119
50.120000000000005
50.121
50.122
50.123
50.124
50.125
50.126
50.127
50.128
50.129
50.13
50.131
50.132
50.133
50.134
50.135
50.136
50.137
50.138
50.139
50.14
50.141
50.142
50.143
50.144
50.145
50.146
50.147
50.148
50.149
50.15
50.151
50.152
50.153
50.154
50.155
50.156
50.157000000000004
50.158
50.159
50.160000000000004
50.161
50.162
50.163000000000004
50.164
50.165
50.166000000000004
50.167
50.168
50.169000000000004
50.17
50.171
50.172000000000004
50.173
50.174
50.175000000000004
50.176
50.177
50.178000000000004
50.179
50.18
50.181000000000004
50.182
50.183
50.184
50.185
50.186
50.187
50.188
50.189
50.19
50.191
50.192
50.193
50.194
50.195
50.196
50.197
50.198
50.199
50.2
50.201
50.202
50.203
50.204
50.205
50.206
50.207
50.208
50.209
50.21
50.211
50.212
50.213
50.214
50.215
50.216
50.217
50.218
50.219
50.22
50.221000000000004
50.222
50.223
50.224000000000004
50.225
50.226
50.227000000000004
50.228
50.229
50.230000000000004
50.231
50.232
50.233000000000004
50.234
50.235
50.236000000000004
50.237
50.238
50.239000000000004
50.24
50.241
50.242000000000004
50.243
50.244
50.245000000000005
50.246
50.247
50.248
50.249
50.25
50.251
50.252
50.253
50.254
50.255
50.256
50.257
50.258
50.259
50.26
50.261
50.262
50.263
50.264
50.265
50.266
50.267
50.268
50.269
50.27
50.271
50.272
50.273
50.274
50.275
50.276
50.277
50.278
50.279
50.28
50.281
50.282000000000004
50.283
50.284
50.285000000000004
50.286
50.287
50.288000000000004
50.289
50.29
50.291000000000004
50.292
50.293
50.294000000000004
50.295
50.296
50.297000000000004
50.298
50.299
50.300000000000004
50.301
50.302
50.303000000000004
50.304
50.305
50.306000000000004
50.307
50.308
50.309
50.31
50.311
50.312
50.313
50.314
50.315
50.316
50.317
50.318
50.319
50.32
50.321
50.322
50.323
50.324
50.325
50.326
50.327
50.328
50.329
50.33
50.331
50.332
50.333
50.334
50.335
50.336
50.337
50.338
50.339
50.34
50.341
50.342
50.343
50.344
50.345
50.346000000000004
50.347
50.348
50.349000000000004
50.35
50.351
50.352000000000004
50.353
50.354
50.355000000000004
50.356
50.357
50.358000000000004
50.359
50.36
50.361000000000004
50.362
50.363
50.364000000000004
50.365
50.366
50.367000000000004
50.368
50.369
50.370000000000005
50.371
50.372
50.373
50.374
50.375
50.376
50.377
50.378
50.379
50.38
50.381
50.382
50.383
50.384
50.385
50.386
50.387
50.388
50.389
50.39
50.391
50.392
50.393
50.394
50.395
50.396
50.397
50.398
50.399
50.4
50.401
50.402
50.403
50.404
50.405
50.406
50.407000000000004
50.408
50.409
50.410000000000004
50.411
50.412
50.413000000000004
50.414
50.415
50.416000000000004
50.417
50.418
50.419000000000004
50.42
50.421
50.422000000000004
50.423
50.424
50.425000000000004
50.426
50.427
50.428000000000004
50.429
50.43
50.431000000000004
50.432
50.433
50.434
50.435
50.436
50.437
50.438
50.439
50.44
50.441
50.442
50.443
50.444
50.445
50.446
50.447
50.448
50.449
50.45
50.451
50.452
50.453
50.454
50.455
50.456
50.457
50.458
50.459
50.46
50.461
50.462
50.463
50.464
50.465
50.466
50.467
50.468
50.469
50.47
50.471000000000004
50.472
50.473
50.474000000000004
50.475
50.476
50.477000000000004
50.478
50.479
50.480000000000004
50.481
50.482
50.483000000000004
50.484
50.485
50.486000000000004
50.487
50.488
50.489000000000004
50.49
50.491
50.492000000000004
50.493
50.494
50.495000000000005
50.496
50.497
50.498
50.499
50.5
50.501
50.502
50.503
50.504
50.505
50.506
50.507
50.508
50.509
50.51
50.511
50.512
50.513
50.514
50.515
50.516
50.517
50.518
50.519
50.52
50.521
50.522
50.523
50.524
50.525
50.526
50.527
50.528
50.529
50.53
50.531
50.532000000000004
50.533
50.534
50.535000000000004
50.536
50.537
50.538000000000004
50.539
50.54
50.541000000000004
50.542
50.543
50.544000000000004
50.545
50.546
50.547000000000004
50.548
50.549
50.550000000000004
50.551
50.552
50.553000000000004
50.554
50.555
50.556000000000004
50.557
50.558
50.559000000000005
50.56
50.561
50.562
50.563
50.564
50.565
50.566
50.567
50.568
50.569
50.57
50.571
50.572
50.573
50.574
50.575
50.576
50.577
50.578
50.579
50.58
50.581
50.582
50.583
50.584
50.585
50.586
50.587
50.588
50.589
50.59
50.591
50.592
50.593
50.594
50.595
50.596000000000004
50.597
50.598
50.599000000000004
50.6
50.601
50.602000000000004
50.603
50.604
50.605000000000004
50.606
50.607
50.608000000000004
50.609
50.61
50.611000000000004
50.612
50.613
50.614000000000004
50.615
50.616
50.617000000000004
50.618
50.619
50.620000000000005
50.621
50.622
50.623
50.624
50.625
50.626
50.627
50.628
50.629
50.63
50.631
50.632
50.633
50.634
50.635
50.636
50.637
50.638
50.639
50.64
50.641
50.642
50.643
50.644
50.645
50.646
50.647
50.648
50.649
50.65
50.651
50.652
50.653
50.654
50.655
50.656
50.657000000000004
50.658
50.659
50.660000000000004
50.661
50.662
50.663000000000004
50.664
50.665
50.666000000000004
50.667
50.668
50.669000000000004
50.67
50.671
50.672000000000004
50.673
50.674
50.675000000000004
50.676
50.677
50.678000000000004
50.679
50.68
50.681000000000004
50.682
50.683
50.684000000000005
50.685
50.686
50.687
50.688
50.689
50.69
50.691
50.692
50.693
50.694
50.695
50.696
50.697
50.698
50.699
50.7
50.701
50.702
50.703
50.704
50.705
50.706
50.707
50.708
50.709
50.71
50.711
50.712
50.713
50.714
50.715
50.716
50.717
50.718
50.719
50.72
50.721000000000004
50.722
50.723
50.724000000000004
50.725
50.726
50.727000000000004
50.728
50.729
50.730000000000004
50.731
50.732
50.733000000000004
50.734
50.735
50.736000000000004
50.737
50.738
50.739000000000004
50.74
50.741
50.742000000000004
50.743
50.744
50.745000000000005
50.746
50.747
50.748
50.749
