286.258
286.322
286.34000000000003
286.408
286.422
286.426
286.50100000000003
286.50100000000003
286.51300000000003
286.514
286.557
286.561
286.60200000000003
286.606
286.61
286.652
286.658
286.659
286.766
286.777
286.814
286.829
286.874
286.921
286.967
287.008
287.043
287.10200000000003
287.207
287.217
287.221
287.284
287.287
287.293
287.296
287.379
287.384
287.503
287.51300000000003
287.598
287.6
287.652
287.666
287.702
287.779
287.841
287.928
287.92900000000003
287.942
288.007
288.01
288.011
288.014
288.099
288.16700000000003
288.205
288.279
288.375
288.401
288.45300000000003
288.458
288.502
288.59000000000003
288.62600000000003
288.673
288.698
288.737
288.765
288.777
288.875
288.882
289.003
289.056
289.076
289.12
289.127
289.199
289.211
289.286
289.296
289.326
289.33
289.378
289.423
289.468
289.476
289.556
289.565
289.634
289.688
289.692
289.693
289.77500000000003
289.845
289.846
289.946
289.949
289.956
289.994
289.995
290.0
290.004
290.011
290.029
290.032
290.033
290.037
290.039
290.046
290.069
290.073
290.075
290.084
290.086
290.087
290.104
290.105
290.108
290.122
290.14
290.142
290.142
290.149
290.156
290.158
290.173
290.174
290.176
290.194
290.195
290.195
290.209
290.211
290.224
290.233
290.23900000000003
290.24
290.241
290.252
290.262
290.272
290.272
290.291
290.298
290.298
290.305
290.306
290.309
290.326
290.337
290.341
290.347
290.349
290.356
290.371
290.374
290.377
290.383
290.386
290.391
290.408
290.408
290.414
290.42
290.423
290.427
290.443
290.448
290.45
290.458
290.463
290.476
290.476
290.482
290.485
290.497
290.502
290.50600000000003
290.514
290.51800000000003
290.521
290.536
290.537
290.547
290.55
290.562
290.564
290.568
290.574
290.581
290.599
290.60200000000003
290.604
290.609
290.613
290.619
290.63800000000003
290.641
290.646
290.647
290.649
290.653
290.673
290.674
290.681
290.682
290.704
290.705
290.705
290.707
290.713
290.719
290.736
290.73900000000003
290.746
290.755
290.757
290.758
290.77500000000003
290.776
290.786
290.789
290.80400000000003
290.80400000000003
290.807
290.814
290.819
290.831
290.838
290.841
290.842
290.848
290.858
290.868
290.869
290.879
290.892
290.901
290.901
290.906
290.907
290.914
290.926
290.936
290.938
290.942
290.944
290.947
290.955
290.966
290.973
290.981
290.983
291.31
291.312
291.317
291.407
291.428
291.459
291.534
291.597
291.603
291.615
291.698
291.752
291.797
291.829
291.877
291.935
291.949
291.991
292.0
292.029
292.084
292.163
292.193
292.209
292.218
292.228
292.272
292.348
292.35
292.355
292.479
292.481
292.503
292.538
292.613
292.613
292.63800000000003
292.673
292.721
292.732
292.75100000000003
292.791
292.809
292.83
292.841
292.878
292.886
292.95300000000003
292.988
293.044
293.044
293.104
293.17
293.25100000000003
293.33
293.455
293.538
293.548
293.606
293.664
293.664
293.671
293.682
293.73
293.767
293.825
293.83
293.831
293.895
293.897
293.90000000000003
294.038
294.039
294.097
294.117
294.238
294.241
294.25
294.289
294.32800000000003
294.341
294.345
294.351
294.475
294.533
294.585
294.634
294.686
294.742
294.75100000000003
294.812
294.865
294.865
294.90000000000003
294.904
295.00100000000003
295.005
295.01300000000003
295.019
295.023
295.038
295.04
295.041
295.044
295.045
295.058
295.073
295.074
295.077
295.105
295.107
295.107
295.108
295.113
295.11400000000003
295.115
295.118
295.119
295.122
295.12600000000003
295.127
295.147
295.147
295.148
295.149
295.151
295.157
295.176
295.184
295.185
295.188
295.189
295.19
295.192
295.204
295.206
295.212
295.22
295.226
295.226
295.23
295.231
295.236
295.237
295.238
295.244
295.262
295.262
295.264
295.277
295.281
295.282
295.283
295.284
295.293
295.299
295.3
295.301
295.303
295.308
295.312
295.318
295.318
295.327
295.327
295.32800000000003
295.331
295.331
295.345
295.356
295.36
295.363
295.36400000000003
295.365
295.372
295.375
295.375
295.387
295.394
295.395
295.396
295.397
295.398
295.401
295.404
295.406
295.407
295.41
295.42900000000003
295.43
295.432
295.443
295.446
295.449
295.45
295.455
295.458
295.459
295.463
295.463
295.467
295.467
295.468
295.474
295.488
295.488
295.48900000000003
295.49
295.496
295.508
295.509
295.52
295.52
295.52
295.524
295.527
295.527
295.528
295.531
295.533
295.534
295.551
295.552
295.559
295.561
295.563
295.563
295.575
295.575
295.591
295.593
295.598
295.6
295.601
295.607
295.61
295.613
295.621
295.622
295.627
295.627
295.627
295.628
295.63800000000003
295.64
295.654
295.65500000000003
295.661
295.663
295.67
295.677
295.68
295.69100000000003
295.692
295.692
295.693
295.694
295.696
295.697
295.697
295.70300000000003
295.704
295.707
295.71
295.713
295.721
295.721
295.723
295.728
295.729
295.748
295.753
295.755
295.755
295.757
295.758
295.76
295.76
295.76
295.764
295.765
295.766
295.766
295.786
295.789
295.79
295.791
295.793
295.802
295.802
295.808
295.81
295.81
295.81600000000003
295.821
295.824
295.824
295.834
295.842
295.843
295.845
295.846
295.847
295.847
295.85
295.851
295.85200000000003
295.856
295.867
295.875
295.883
295.883
295.884
295.88800000000003
295.88800000000003
295.88800000000003
295.89
295.895
295.896
295.897
295.914
295.91700000000003
295.92
295.921
295.921
295.921
295.921
295.922
295.922
295.927
295.927
295.931
295.947
295.947
295.948
295.95
295.951
295.952
295.955
295.966
295.97
295.972
295.972
295.974
295.979
295.981
295.985
296.218
296.324
296.475
296.479
296.57
296.683
296.718
296.76800000000003
296.813
296.871
296.899
296.90000000000003
296.948
297.016
297.028
297.062
297.105
297.105
297.121
297.176
297.232
297.233
297.243
297.414
297.414
297.44
297.472
297.531
297.536
297.60200000000003
297.61
297.651
297.65500000000003
297.699
297.819
297.829
297.832
297.906
297.915
297.91700000000003
298.00100000000003
298.007
298.009
298.01300000000003
298.10200000000003
298.255
298.25600000000003
298.293
298.308
298.392
298.401
298.467
298.539
298.627
298.675
298.677
298.732
298.73900000000003
298.73900000000003
298.746
298.749
298.836
298.886
298.902
299.01300000000003
299.04200000000003
299.081
299.15500000000003
299.264
299.322
299.39300000000003
299.394
299.40500000000003
299.47
299.482
299.53000000000003
299.587
299.589
299.591
299.681
299.681
299.781
299.786
299.844
299.851
299.853
299.91
299.913
300.0
300.0
300.00100000000003
300.007
300.008
300.014
300.019
300.023
300.02500000000003
300.049
300.049
300.052
300.055
300.059
300.062
300.063
300.06600000000003
300.068
300.094
300.094
300.096
300.103
300.104
300.106
300.107
300.108
300.13100000000003
300.132
300.139
300.14300000000003
300.147
300.149
300.152
300.154
300.156
300.159
300.178
300.178
300.192
300.192
300.197
300.197
300.198
300.199
300.224
300.225
300.23
300.236
300.236
300.238
300.238
300.243
300.244
300.244
300.26300000000003
300.26300000000003
300.26800000000003
300.27
300.277
300.282
300.283
300.29
300.299
300.299
300.301
300.302
300.309
300.311
300.315
300.324
300.324
300.33
300.336
300.338
300.345
300.351
300.35200000000003
300.365
300.368
300.374
300.375
300.37600000000003
300.377
300.38
300.39
300.398
300.398
300.41200000000003
300.414
300.416
300.419
300.42
300.43
300.44100000000003
300.451
300.455
300.456
300.456
300.464
300.46500000000003
300.476
300.484
300.486
300.488
300.49
300.491
300.496
300.497
300.5
300.516
300.524
300.524
300.52500000000003
300.532
300.536
300.54
300.547
300.56
300.563
300.565
300.565
300.56600000000003
300.571
300.573
300.577
300.582
300.583
300.601
300.603
300.604
300.604
300.611
300.618
300.618
300.62
300.64300000000003
300.64300000000003
300.645
300.646
300.649
300.649
300.65000000000003
300.656
300.659
300.66
300.678
300.68
300.694
300.695
300.696
300.701
300.702
300.702
300.704
300.705
300.716
300.717
300.736
300.738
300.73900000000003
300.744
300.744
300.749
300.75100000000003
300.76800000000003
300.771
300.776
300.781
300.781
300.781
300.782
300.784
300.785
300.786
300.814
300.81600000000003
300.817
300.818
300.819
300.822
300.822
300.825
300.826
300.826
300.832
300.856
300.857
300.865
300.867
300.869
300.871
300.871
300.878
300.883
300.895
300.897
300.902
300.908
300.911
300.911
300.914
300.922
300.935
300.937
300.947
300.949
300.95
300.95300000000003
300.95300000000003
300.954
300.956
300.962
300.966
300.969
301.142
301.231
301.235
301.302
301.36400000000003
301.398
301.48900000000003
301.505
301.511
301.521
301.526
301.585
301.595
301.678
301.702
301.725
301.788
301.797
301.84000000000003
301.853
301.908
301.936
301.99
301.993
302.01800000000003
302.063
302.101
302.145
302.175
302.17900000000003
302.231
302.284
302.344
302.45300000000003
302.484
302.544
302.617
302.7
302.724
302.741
302.753
302.814
302.848
302.938
302.97700000000003
303.059
303.084
303.137
303.226
303.23
303.334
303.361
303.39
303.451
303.544
303.551
303.593
303.636
303.645
303.699
303.747
303.761
303.805
303.851
303.857
303.943
303.95300000000003
303.963
304.022
304.077
304.09000000000003
304.125
304.15000000000003
304.189
304.197
304.204
304.272
304.309
304.345
304.384
304.38800000000003
304.471
304.523
304.53000000000003
304.532
304.539
304.543
304.652
304.661
304.702
304.713
304.783
304.836
304.883
304.889
304.899
304.95300000000003
305.017
305.024
305.029
305.071
305.074
305.07800000000003
305.07800000000003
305.07800000000003
305.08
305.11
305.11400000000003
305.116
305.116
305.12
305.122
305.125
305.125
305.129
305.13100000000003
305.134
305.153
305.165
305.17900000000003
305.185
305.196
305.2
305.211
305.223
305.228
305.229
305.232
305.235
305.24
305.25100000000003
305.25100000000003
305.254
305.255
305.267
305.27
305.27500000000003
305.277
305.281
305.28700000000003
305.298
305.301
305.302
305.305
305.309
305.311
305.311
305.324
305.325
305.331
305.334
305.335
305.354
305.357
305.361
305.365
305.366
305.368
305.373
305.38100000000003
305.395
305.399
305.399
305.40000000000003
305.402
305.41
305.41
305.422
305.425
305.426
305.437
305.446
305.448
305.452
305.455
305.458
305.46
305.471
305.473
305.476
305.476
305.491
305.493
305.504
305.504
305.527
305.528
305.531
305.536
305.541
305.543
305.549
305.55400000000003
305.563
305.563
305.567
305.571
305.58
305.581
305.59000000000003
305.594
305.595
305.597
305.607
305.609
305.617
305.62
305.634
305.639
305.646
305.647
305.649
305.651
305.654
305.656
305.661
305.664
305.668
305.669
305.675
305.675
305.685
305.688
305.698
305.704
305.704
305.711
305.719
305.724
305.728
305.73
305.744
305.75
305.752
305.759
305.767
305.777
305.78000000000003
305.782
305.784
305.791
305.793
305.794
305.794
305.798
305.798
305.80400000000003
305.805
305.82
305.824
305.833
305.834
305.838
305.84000000000003
305.847
305.856
305.857
305.858
305.868
305.878
305.879
305.884
305.884
305.892
305.903
305.904
305.907
305.913
305.915
305.915
305.918
305.92
305.924
305.92900000000003
305.931
305.938
305.94100000000003
305.949
305.954
305.957
305.961
305.985
305.987
305.988
305.988
306.123
