287.317
287.624
288.486
288.896
289.713
290.022
290.087
290.10200000000003
290.174
290.21
290.223
290.234
290.295
290.32800000000003
290.378
290.387
290.443
290.446
290.46
290.5
290.55400000000003
290.567
290.665
290.676
290.681
290.709
290.721
290.77500000000003
290.80400000000003
290.806
290.81
290.858
290.887
290.92
290.924
290.949
290.982
291.332
292.641
295.1
295.13100000000003
295.13800000000003
295.13800000000003
295.238
295.269
295.357
295.383
295.642
295.722
295.776
295.791
295.79200000000003
295.832
295.866
295.94
295.95
295.967
296.497
297.636
298.283
299.709
300.047
300.068
300.07800000000003
300.083
300.128
300.158
300.164
300.178
300.181
300.221
300.254
300.265
300.265
300.26800000000003
300.318
300.321
300.347
300.366
300.416
300.446
300.499
300.509
300.52
300.538
300.592
300.594
300.64300000000003
300.657
300.685
300.719
300.721
300.723
300.767
300.793
300.809
300.831
300.853
300.89300000000003
300.915
300.933
300.96500000000003
300.975
300.97700000000003
305.041
305.044
305.101
305.10200000000003
305.13100000000003
305.137
305.14300000000003
305.14300000000003
305.14300000000003
305.144
305.198
305.252
305.255
305.257
305.347
305.389
305.392
305.431
305.44100000000003
305.494
305.552
305.556
305.59000000000003
305.674
305.71
305.738
305.742
305.855
305.969
306.005
