75
57
95
69
80
92
69
95
80
92
12
36
47
48
69
75
92
80
12
80
47
92
80
69
40
75
92
12
36
47
48
92
47
12
48
36
40
75
69
12
48
47
36
69
36
75
95
69
75
36
69
75
48
47
47
48
92
92
47
48
47
12
75
95
57
92
80
95
57
48
47
12
95
40
57
95
48
36
36
47
92
48
36
47
57
92
48
47
80
48
36
47
48
80
95
47
95
57
36
48
47
79
87
48
72
47
79
73
87
79
48
47
87
72
73
79
48
47
87
48
47
79
73
72
87
48
79
47
73
72
87
79
48
47
87
72
79
73
48
47
79
87
48
47
72
73
79
87
48
47
79
87
72
73
48
79
47
87
72
73
48
79
47
72
87
73
79
48
47
87
72
73
79
48
47
87
72
79
48
47
73
79
87
48
72
47
73
79
87
48
47
79
72
73
87
48
79
47
87
72
48
73
47
79
48
87
72
47
73
79
48
87
47
79
48
87
72
73
79
47
48
87
72
73
79
47
48
87
79
73
72
47
48
79
87
47
48
72
79
87
73
47
48
79
72
47
73
87
48
79
47
72
87
95
75
40
75
57
36
57
40
92
80
69
40
69
80
92
75
80
57
75
95
57
36
95
57
80
92
95
92
80
69
80
92
69
95
12
75
36
57
40
69
95
57
36
80
12
69
36
12
69
57
95
40
12
75
75
57
12
28
40
12
92
36
57
95
75
92
36
80
80
92
12
69
36
40
95
69
36
12
95
69
80
92
36
36
92
80
12
69
75
36
40
36
69
80
40
71
33
30
18
78
33
98
71
89
80
18
33
30
71
98
33
78
89
37
71
30
97
83
81
38
77
18
98
71
89
33
78
30
71
33
13
98
38
89
18
83
81
37
71
77
33
78
97
18
30
98
33
71
89
98
18
30
83
78
33
71
77
38
97
37
81
13
89
30
33
98
71
83
18
89
78
33
98
71
30
77
81
37
83
33
89
97
71
98
38
13
18
30
33
71
78
89
98
81
18
77
38
30
33
71
37
78
83
97
13
89
98
33
71
81
30
18
33
78
77
71
83
37
97
89
98
33
30
81
71
18
78
89
98
33
71
83
30
37
17
77
18
81
78
71
89
98
33
13
38
18
30
33
71
78
97
83
81
89
98
33
37
18
71
77
13
30
38
82
78
89
98
33
17
71
30
83
33
97
71
18
37
77
81
78
13
89
98
33
71
30
82
38
13
18
78
89
98
17
83
33
71
94
30
81
77
37
89
98
18
33
97
71
78
83
38
82
33
18
89
98
71
30
77
81
33
13
17
37
89
94
98
71
97
78
82
30
33
38
83
77
71
81
18
13
97
89
98
30
33
78
71
75
75
75
40
92
57
69
80
69
92
69
80
12
75
40
36
40
95
75
69
69
95
36
47
57
36
12
80
92
75
40
57
36
40
95
12
57
75
57
95
12
92
80
75
12
12
75
80
40
80
92
40
40
57
40
92
95
57
75
80
40
75
95
57
95
57
95
12
12
29
95
69
40
80
92
36
36
56
28
12
75
40
92
69
95
12
36
69
89
98
47
97
48
37
83
77
81
89
98
97
41
37
83
75
77
81
89
98
97
77
37
83
47
81
89
98
48
41
97
77
37
83
81
75
89
98
47
97
37
77
83
81
89
98
97
48
75
37
77
41
81
83
89
98
47
97
37
77
83
81
89
98
41
48
97
47
37
77
83
81
89
98
97
37
41
77
83
47
81
48
89
98
97
37
41
77
83
89
98
81
97
37
89
98
77
83
81
47
97
37
89
98
41
48
77
83
81
97
37
89
98
41
77
83
81
48
97
37
89
98
47
77
83
81
41
97
89
37
98
77
81
83
41
89
98
97
37
47
77
48
41
81
83
89
98
37
97
77
81
41
83
47
48
89
98
97
77
37
81
83
89
98
47
48
41
77
89
97
37
98
81
83
89
98
47
48
41
37
77
81
83
97
75
89
98
77
37
81
83
97
47
48
89
98
41
77
37
81
83
97
89
98
47
77
41
48
81
37
83
97
89
98
75
47
48
75
47
92
12
95
40
75
80
57
75
40
92
57
69
95
57
80
92
69
80
36
12
92
75
80
12
92
40
75
75
57
95
57
75
92
80
12
75
36
69
36
69
36
95
80
95
57
95
57
40
92
92
12
57
40
95
57
95
92
80
95
57
12
69
36
40
92
57
80
40
80
92
12
36
69
36
92
80
69
75
95
92
80
57
80
12
92
75
75
29
12
80
92
57
94
17
82
38
97
13
17
94
82
98
37
79
89
33
82
17
77
38
94
13
81
83
17
82
94
97
37
17
79
82
81
77
13
83
94
98
89
38
17
37
82
97
13
79
81
94
77
98
33
89
83
17
82
13
38
94
97
37
33
17
82
79
81
13
77
98
83
89
38
94
82
37
17
79
33
97
81
94
83
77
82
98
17
89
13
37
79
94
38
82
17
83
81
33
94
13
77
79
37
82
98
97
38
17
89
13
33
94
83
82
17
81
13
94
38
98
79
77
37
82
97
89
33
83
17
94
81
13
38
82
79
37
17
77
83
94
97
81
82
38
37
17
13
94
33
77
79
75
98
89
83
82
97
81
17
94
79
37
33
77
83
82
13
17
38
94
81
79
89
98
33
82
97
37
77
83
94
17
13
38
79
82
81
33
38
13
17
94
75
