0.5691389757998568
5.234518754290291
9.47261537880385
1.0873752099269023
0.2779783601764598
2.0933135580238016
0.24500147054337285
1.617984943820892
9.598420406455004
0.4121157132733668
0.6234406250568799
1.9460319712478495
0.4130517887002224
0.9359492323621579
1.1886575612041803
0.5745409077693908
3.7812564787536886
6.651653268381636
2.5408635750051882
11.837428428514155
2.2066543794056908
2.3858064748400434
10.268487345050518
9.979835434006288
2.5503161753310115
4.282687864014267
9.418001134071211
1.6111335020293067
13.077860249841647
1.9869632474548924
4.061707516958244
3.388623946464581
5.212337381352785
5.542462591405773
8.858068198718206
0.9188890579437247
7.276403662102157
2.80484816341919
3.6981074584699876
1.9455777602053506
2.8527490209764643
9.424448445637717
1.787482629678542
12.293806012885291
19.637860447913983
10.172311516000542
10.676482914698683
8.002586549697241
2.634007397076026
10.757000158495195
0.18400719196815848
10.308310625533545
1.6772657288032693
3.535682830835128
13.488404894060553
10.229789942774001
1.9562354039294478
16.35558919694965
5.5114705415155925
5.25234768424409
10.45051161368084
10.930526388348518
4.366843244959211
1.1070513869718517
15.026193355497316
25.66909181918817
3.94620299915283
4.888413503729863
5.013978933468278
3.070896075260131
0.1992765070827135
18.09329408924339
29.665826614937576
12.990576339322825
5.1472895183686695
3.55256160111517
0.514651770002592
1.7277058522270083
62.66056507399461
18.559698359791
14.661630017146441
5.5382872879055896
3.0346890818435863
11.64242499916084
35.3415337037658
0.9980503115029722
2.6087598983128943
1.885387789061127
51.26873576465425
10.64381416524051
7.397660368473441
5.679777572840416
42.6235981424458
11.917209792507087
39.239806215168
3.8675678884517013
24.59169049483045
0.40300349948220204
8.428503605917221
2.3728624292247225
15.229268170609176
8.55005703171665
8.330571696905283
12.308852740538118
7.941672968657246
3.6741740658823088
15.669489177402435
9.27734261508076
4.475466115696564
25.839573093008642
0.9227739540467466
37.954828557578196
4.574012909246196
5.785609960623947
15.119734852604193
0.798135585227483
11.162043187319052
21.71039537025572
36.02049505640717
3.6999043353316368
9.943325280645064
3.7187747839964813
11.640532947544349
25.79092773653975
8.231906144537826
2.339450554885532
15.663151284721915
22.53817796346299
26.035707517977407
9.99723291626758
3.729942588160797
21.001523336558
4.265864304530594
26.597423886881476
15.71659006501486
7.724996692162812
38.99833389636256
7.382462285116364
0.8807269591880644
52.77446534446202
13.76712225422875
31.436938989287572
7.952994825552287
9.457631733720849
9.573578262824864
43.44444874241277
3.018393125235374
0.8303280459534339
14.609779918579264
36.37272213597781
12.046737688416677
16.28083775436803
2.855372725496035
13.539146849661968
32.44627000133181
18.583390516591585
13.423790796927127
5.916498876646516
9.410656228188254
10.246013798126771
2.520475952008199
44.09703562057788
42.884735085512716
12.701915485213368
1.7568408007453857
27.513108461020252
6.655500086030376
4.080702687020103
5.677158030885248
12.088678571975066
9.951001110164308
14.63061487888051
14.809913628837597
2.7066325262909237
4.614389025742413
16.86550059791288
6.335930860336376
1.5973768092965424
3.2306718506009195
13.48435793697526
9.467393798203606
30.158356278004977
4.867500575139194
2.7031608884192058
3.655858354407693
23.135261737594103
15.820096585885503
4.886223231270731
20.573971652425218
9.614626899626314
33.57888365284692
5.493171379016889
5.686056707687827
11.483172192970338
26.036201431571744
23.830011032968326
1.0480261683307353
11.178831863184003
9.14183142420158
5.977298744105939
1.088875087496571
7.923216242098896
0.44485510099238784
10.158050356094176
0.9771670685994901
5.481187364234678
20.165729049321826
2.7456815350561055
1.3460126609774967
3.3686522908775265
16.121229768728327
3.390959875561567
0.2882731609894385
11.11818095725798
1.6704151997390084
15.125306991958613
4.562659445650915
5.724742758458214
7.020073649906943
4.617429037945707
7.07498111256008
0.9016847295224866
0.14231984278378748
0.9120883193246514
6.9293889844797025
4.446790771019171
4.13091399219016
10.259540522109395
4.253844790413369
6.7648768745346715
1.9972059679405882
3.1322269399910243
1.4701783172621274
7.4480541123896895
13.463484852964665
1.5355158780717906
5.524314120121041
0.9996862048924815
7.443414913413241
14.862724435860498
10.140102083528472
0.5773875263829691
3.0393113971125922
15.770246985822451
0.6686370680409625
1.4578281453021587
3.581635419873142
1.224419436022159
7.419381607185169
2.204911954526819
1.9385039530743438
7.927985843634734
2.334437030836873
1.1393538791234739
12.321701805741998
0.9124936690467012
12.354735330585422
3.8555458312154647
2.82921880354586
6.445090243866833
10.018684250747164
6.3171094025779375
0.0949286873930451
1.239010831080824
0.3820225699987779
4.7379568957837845
20.975887001206694
0.9073365668248927
2.036397254625007
6.278098306884705
0.7854232118527271
8.497152028573492
7.526717345994212
4.250359787665328
8.668962662706608
1.3256390231530655
7.752559634201591
10.756240937006027
1.8632965579367298
0.7870218674449007
0.745157254762732
2.3938060110289507
5.518786484531548
1.711581238169837
0.15775909870212124
2.690725183861364
11.039747484816777
5.646681935145721
2.7055596943955496
9.83094993843162
1.5964655517620463
0.14358707172044838
6.127561879157705
0.233731636103251
0.06834748843708482
0.1836818667759129
25.531782994026216
4.097168228999166
12.808536649975718
1.9113487829296103
1.8786069955666636
4.5283939605347205
3.10926650849619
11.43187751530635
0.529805975909793
3.691484198658469
6.539426457156191
6.438107477717809
0.7495703430526595
4.204605098220853
4.389882794673717
0.6029357041807407
1.4293066330321946
7.903656207779994
3.5842586170248567
15.270906818441341
3.1619077692157522
1.536904883946417
0.18102309936617994
3.912798316386784
3.5982017463016067
2.9769890441597617
3.5706746904958595
2.2995351947426497
2.098695170498144
1.6782870067099784
2.8562285515583263
2.0333432691185216
2.527872114957138
1.036174769572491
2.9755709667262216
2.2613628780034114
0.5958570770061253
2.5481182316511584
3.4367056581323476
7.625203523033972
6.620059714751975
2.4156992932186157
2.133075327424856
2.5433640889877975
3.0200605872777246
5.0120404300329255
1.0054315428107687
4.80528483090692
0.7085876368756442
7.168589637269764
3.419119615726951
12.745472842880842
0.36933207224982634
0.0692053644500401
4.055969247351066
16.369515472340193
2.8181758994307473
4.165350777773493
3.22777356074662
3.302517650469387
4.296486013936061
4.814561170849448
5.5905537823285005
2.6370854498088048
1.988784292859498
1.5527705158082579
8.983326064459078
3.112062731914395
3.9398323966164184
2.404408781103414
2.2899246849463974
1.235875290920511
0.6843989694075634
3.3622438867957967
1.7261628693449724
13.676391264972318
1.6872971513320572
3.6311066783512747
0.7762545326945326
2.571331708291605
1.4042675124560267
12.79664413977775
3.2306808196990446
4.4350544953935955
1.8630274125168926
10.04170221397989
0.598385013122571
0.4629793723117911
1.5867951154384767
2.81956330991399
1.880157948057582
0.22163420494393013
4.278437127875577
2.677851604246597
0.8711279471505795
1.925723004063091
2.5486799378349865
0.17743961592362367
0.14346015396611808
3.1547658956069613
1.6334940982147437
1.8601948536054738
0.1821179166905447
1.5041802287635633
3.3743167229145477
2.2239911121836466
1.2850835450394038
0.5099597561282841
3.6632805558798403
2.2947235521067046
5.263377917930802
0.32974648126907474
0.5799089599626769
1.6670481196533717
1.029442854433369
1.2213942360978238
4.1398980639387695
0.5814737420908034
3.0829437652019682
0.2371564868879566
0.2560619509498822
1.3823630064815262
3.1287716998987247
3.858757434568581
2.0507732684924957
6.089936112293893
0.45469565236638415
2.276216209711121
0.5124654864758078
0.0045441214323709055
3.0477721945073517
1.656240874004996
1.6176531058653842
1.157793495446826
1.025466612965339
1.3242211361708331
0.14285469614393123
1.0620398532219744
0.11332303059514812
0.9018423615221108
0.5093996803385383
4.0678689210086425
2.177915803133109
1.5391898787052423
3.1662226198760455
7.263088457233309
4.193107786931036
2.3703146222238627
0.05938870379871751
1.8093477704179748
4.200399785208251
0.13745669483465311
2.8012722264857004
2.1142401312740127
0.3020104903806105
1.05178920325213
2.7857663741451173
0.19460358211021625
0.14410464397419603
12.022336749212469
4.36831509007461
3.656293721560463
3.8769051876760146
0.6006045274599539
1.009532232058614
4.485188772947271
0.7000449658581684
0.17062451429143224
2.1553453191365346
0.9062362532805891
0.5736731040368722
0.8294964752027711
1.7063134505544306
0.8238138528829498
1.6861279034179728
2.235473683397668
1.465155696230923
0.19028508678436187
0.7050559626598695
0.1328156510906806
1.520385676123251
1.6474929592975112
2.7963124031521263
0.11864907539452775
0.8454823663935545
0.28726349662740214
1.5876034628891866
2.8909412841908297
5.224010272794743
3.1970230591290654
1.4280542922308328
2.757281047734191
4.66371744054859
0.44906154105306323
0.3259480048999103
0.01832237208732427
3.8251800275950445
1.3731705209296325
2.809353377023482
0.1362830520628922
2.597811972480498
0.40835196043239863
4.234861805984036
1.2357799582153801
6.133648540498129
0.12619321964110986
0.8634592761475365
4.201399680200555
0.3948830308103111
0.2806363964067805
0.1607852398682958
3.2350883805000734
1.2444846508198202
0.49068091703570726
0.38864246269553127
0.8259844238228473
0.6448673397929144
1.336883374839211
0.5265816024858604
0.10515592004874606
0.41752977794187457
0.41872950527896396
0.07573055299866314
0.08973860094427041
2.6124221980697104
0.8861635545931471
1.5217617997000106
1.2060624480404367
2.099673116767923
1.048226106628898
0.6455649628922594
0.2579484006761221
0.04932636960937169
0.11740472582144897
1.1720491132722404
0.289719129617301
0.30430910497357666
0.20337386803218852
4.011290047559974
0.19158769596370812
0.13300763223899123
0.508551735424214
4.5361816001330695
0.7303049323198225
7.852628999199546
1.2718144818162453
0.2594199206848876
0.2149901088916554
1.7766839238079981
0.11047084027129224
0.8959289467363193
0.8044487049035846
0.46894205284020063
0.19411410675465135
2.021418126029852
0.46052629119881067
1.434916067218323
1.75252709313481
0.3300850511385797
5.406617567252713
5.682289403521169
1.9121963189420466
0.29580004847960717
0.10135645225363343
0.2734199415686442
2.487778451696717
1.5744511533692398
0.8469450473077357
0.06575992319830722
3.410163096647888
0.5719294498636137
1.597939786947526
0.2877379850696027
1.367875924256654
3.7169957351313685
1.4375982999729398
0.01487015862262297
0.785994264217184
0.5689079370323357
0.6296828226813243
0.19741654709498516
1.6737587154614224
0.7972126996470171
0.5416385220932525
1.6452830364833901
2.0064251925031122
0.8872955938433579
4.824995484340259
0.08020418072453855
0.22250154416366208
0.08928690358474284
0.2657615554422632
0.7385639924655036
1.0161292112945803
0.15094272879159776
0.03908256609683663
1.0028223373212033
1.430036861729089
0.9201938456201666
0.24897564941586772
0.42961986135686225
0.22554957123017164
0.8438629250811468
0.686728958215951
6.494224544148765
1.0118032880974241
1.1562200303378756
0.9238628685726272
1.676582395940629
1.6907297571156754
0.2851061145418442
1.0495395497113447
2.192313739119073
0.6383841367362896
2.5881902548026647
0.3195620448650884
1.6131398878315597
0.925738888830289
1.1398410705625823
0.21653959506346318
0.3521855863873231
0.04918196656529608
0.6167187753403494
0.7675676005330062
1.8933313548450732
0.00623718854038935
0.7731285894296487
2.382221785265775
0.03061052518692382
0.3527432223789941
0.23734625304803997
0.6410888635413441
0.11351564513869912
0.9598025081558446
1.2796452876841344
0.7327828186588444
0.3454353166620556
0.07583737393806668
3.608765774187721
0.011560621971670168
1.6215775700291832
0.6623001149471338
1.169394578464338
0.8021510690934184
0.4569199200708998
0.17840338236964723
0.36534901664147024
0.13187565805173318
0.15860897834842388
0.9581670349485358
0.011116000076437559
1.3689400342362523
0.12819238926374052
2.9893706722988664
0.1914049481054039
1.5502089540366553
0.07232740992817556
2.8007536716914525
0.2540121037436963
0.6721671758856265
0.3819294231933179
1.6916013049103975
1.174385735507502
1.3947788428503
0.9560398457952854
1.277253897392784
0.2031223613183606
0.7930545529746212
0.3423037081110767
0.03245644245296152
0.5786110557887261
0.03996464784840888
0.46020560726371756
0.5656134551433514
0.06867755873766794
1.3931187579261006
3.143354300188512
0.27083896999148366
0.47614707371254467
0.3100529166777274
1.2710741657783582
0.4389972381498534
0.5068575248747433
0.16511968050730058
0.0996348166329957
0.1703320923509401
0.015996130049872274
2.826492677889533
0.8389931022618295
1.7450605337176128
0.6620494962322274
0.06120770877481889
3.2489732645913914
0.12936598381831674
0.2951020769371003
0.03891681204073744
0.32919374303328425
0.6910153710731128
0.1583593512256636
1.122557667635534
0.07577592238788962
0.5313643424040737
0.518344089781084
0.6097915175222658
0.0025155391328601615
1.7615748597307357
0.2111793055163012
0.7824426959020925
0.19803445470605247
0.11612097762511182
0.02332886964338624
1.7530957838280854
0.10035887784739375
0.09942293862924408
0.05760090494516814
0.19665274543448527
1.2954314119190504
0.6844421518272626
0.9104828522603389
1.3800000623213888
0.6096980678567998
1.4924865313286766
0.8062570383660881
1.7696486872334507
0.14191912580623683
0.5947243184389052
1.1054481711930344
0.15092737670456724
0.2966105761996926
0.12390121991054966
0.8358110878502586
0.6266668577144053
0.027444457183531546
0.2863194674788853
1.3457779603969302
0.726786959866402
0.9141162607247888
0.08434304802928502
0.22283228070933758
1.3653339441275627
0.6272702177175058
0.044854160642951856
0.5420207882621918
0.6135658586793467
0.38558940705405026
0.6957560121201153
0.31434754598811815
0.19591259464465924
0.9250563754564605
1.1214287995242238
0.703725258560168
1.1351938325159132
0.6697905449453609
0.44234982671469125
0.45172554230882117
0.48911141738078556
1.0324693073174067
1.0107311098240257
0.4444061099930071
1.0426275202405466
1.6161447430893927
0.4764756471013706
1.2055809167147085
0.22415258530754975
0.15349629879765353
0.35802533453411356
0.0403050239855143
0.34641367055685873
0.1996278312883685
0.8949316772783088
0.9020813034869727
0.1629177720688096
0.5827431361314658
0.5636911781977253
0.2527935571763201
0.030949275258306114
0.9570346794098273
0.07320677333457143
0.1849711448385789
0.09052338562688035
0.5192256151108086
0.07512406324525256
0.5517502914333399
0.10604662197938616
0.20863721994374151
0.2532794822111529
0.5095299503718292
0.22099382387295352
2.0036033481111613
0.6816419902427006
1.829799157576276
0.011833252288927829
0.20990816140993296
0.04433648292294739
0.19131374339227958
1.4707651487183335
1.0578438651336173
0.5715604465349189
0.5706341986189254
0.22519535711258354
0.41596743609289016
0.3937409182660871
0.011816852043581374
0.2687684575689883
0.03683630324886848
1.0774606093655064
0.2431937819379371
0.204003637249319
0.22414632027606016
0.03272659770520323
0.13927089609268967
0.4077468723008035
0.08407451636301627
0.29065280927143283
0.13536344418291008
0.2559427226829337
0.06732761488141069
0.007096203360383722
2.5197590539101418
0.33519386364905596
0.9936753981109924
0.6965563594446044
0.1591416004936525
0.015510045798114002
0.06795653877538878
0.4906908149548276
0.470522817542707
0.14786447065657213
0.15966303659832803
0.10908791926518106
1.2054908190543183
0.3332473209838942
0.22568011581374348
0.049787016783806454
0.26393084036522046
0.6402352519541477
0.22508060969714072
0.45004364500596866
0.04682979842137012
0.5574250759369195
0.07914860062326727
0.08686230842993965
0.44271740323023034
1.4385387124920614
0.5961200502116005
0.4883446461814439
0.3965315736938562
0.13079632847754927
0.7941162121482485
0.1529399047200157
0.28218882914830773
0.9201673386079898
0.5284592369996077
0.0755411779734622
0.046226114021297074
0.04703808029855654
0.046821629668165665
0.3724311207239745
0.5429512441161686
0.014083338187180161
0.6038906283685099
0.19628916602230798
0.1367375574308707
0.48254368747097104
1.7191933152086571
0.31720470316791294
0.004255742578114554
0.022788712392820182
0.01224142285739638
0.45686778843772985
0.043532824194189995
0.4966214427571734
0.008883415693066563
0.8914214031299681
0.11446061989745372
0.06714036063091237
0.08161422987938313
0.40476008470437375
0.08003619656879622
0.22206138797706187
0.05651781888018518
0.625315017534942
0.5375969994970095
0.2268071547028188
0.19678135632384527
0.017583219373644196
0.04790533724505067
0.06339120205579353
0.26558548466180554
0.17078593946665874
0.38061467838361646
0.1756251098954485
0.31961435632294677
0.04167347240242959
0.76037419991021
0.09648128206635696
0.9757035847985034
0.07110104561307261
0.5397103237194867
0.027233932758908595
0.4125448457281852
0.11206422782108495
0.0511606687844312
0.15361073225997626
0.43726766276816675
0.12038889263656215
0.10171453774330044
0.11584204013147645
0.03976789327713438
0.03273716669101502
0.013305663826742321
0.44943685728564003
0.02293276477079304
0.04548933531463067
0.026199981877894195
0.11613843824345384
0.031020008317836897
0.9436750245549212
0.02418868210923821
0.046096567685151385
0.10216663311759891
0.20895428939235955
0.14204319879831354
0.5432220462729641
0.10531575961762502
0.28838990486932375
0.01483905510796363
0.19379709070211204
0.06768126236016402
0.08621600500888348
0.11977005634704752
0.22017660710075254
0.06623736311066791
0.16779405236813263
0.17577061031371152
0.043850299185978395
0.4117548596418983
0.18322021168711347
0.003554484023054967
0.09694105414196337
0.24648914430016539
0.2707954897723651
0.07833425501359884
0.3266731880975821
0.08998613597464176
0.06250499460288991
0.4587228401662454
0.23159317504975474
0.4012645519839405
0.275372248555869
0.023613126450279586
0.232415880060388
1.094350531128993
0.10417391490411348
0.09352889127105259
0.3954828592338787
0.04282181878972801
0.0053200987950364435
0.18128669951230925
0.15751560264526734
0.5536409475719436
0.15583277749006633
0.006023303161537628
0.1791936095504465
0.027945227398099425
0.07250072172472463
0.5077900521757577
0.27520377364189264
0.11045055236413595
0.02825309906650264
0.09720384949367815
0.42645255931876264
0.9575868299111739
0.2374914440165414
0.06942826368672769
0.42782050493653306
0.007436032855128933
0.012125400951914054
0.0022470321248552845
0.019156453134111816
0.12509184472880924
0.07547238041095873
0.14419123349412624
0.21426233422832858
0.13632979038672982
0.007938896209661563
0.217559539214556
0.052719800912673774
0.16229219621696742
0.3915529326724675
0.013275714696666014
0.014561587939300237
0.061388061962188524
0.36267457177522683
0.11205047027491208
0.019394784025551465
0.0758375876194663
0.03585146905317566
0.000376745146356575
0.08574753213410273
0.3961602317518014
0.11063370132919374
0.2611775285856821
0.1239777796775506
0.0009851162829161654
0.10016946411737479
0.1863408055017552
0.032031814021865376
0.2218005475946703
0.08649956966633413
0.195063587173284
0.08479784166456197
0.04000871913955466
0.13263861887769815
0.17912905097029774
0.08873435533235657
0.03446535683307806
0.25042120427120773
0.3118516324800413
0.039291264087661225
0.16395185758445002
0.29741271323733953
0.2327135501400363
0.09670465891352543
0.3775649752454673
0.06282504909896246
0.015432920483994587
0.11132632274461686
0.19038889933543218
0.05391401669086167
0.11990660431259399
0.04475323419735697
0.24854442305705796
0.017963633118241347
0.4842743144821526
0.23842143756601406
0.21679313909121686
0.017079341734166358
0.10281301915421853
0.3838351962960658
0.270802259169326
0.12286457491901949
0.1041760267219063
0.04371449402587404
0.010734768405425957
0.005233244346160031
0.16461908809997622
0.20003797447742025
0.024781148388429142
0.020970095622854436
0.0901619151798777
0.12185633530082413
0.008463649058746534
0.017491640467559615
0.17157566615341704
0.21627277181807553
0.03269610456415825
0.21783223275612568
0.023978106439734952
0.013488189502804627
0.1093776619780411
0.29805030442306973
0.2197777292405378
0.02053135184076215
0.03835819675214015
0.14206550489596612
0.09009350011407287
0.014183073753409145
0.025670937569864754
0.10396293259005006
0.06261271363630098
0.013498446174886328
0.0014077749882427917
0.08511939374618706
0.003200003111205816
0.10251575764553866
0.04369543771291358
0.015821184290418788
0.005964191952293808
0.16142431795832457
0.22806928609944604
0.009443479834211382
0.09468083514484939
0.23239572272484116
0.07137666046661612
0.09392074698446812
0.07490342000007127
0.00583413022636404
0.06759916615741099
0.004666846787868949
0.018572212730334454
0.06504604064041561
0.09219267206389035
0.3880192737075758
0.09589367680056307
0.23176957652133104
0.07971792388075649
0.27806364740346995
0.020142304134896566
0.1618618886989659
0.06155546219545465
0.05580257313788106
0.17535763192693016
0.050716846423003024
0.024446736566704593
0.1241808360513888
0.019365951005935335
0.012484032432668999
0.09184391167200041
0.14325446055088834
0.09593602177953019
0.009322057169185854
0.03931971762650169
0.024204975611422257
0.014873171086106135
0.04432681887006798
0.09709658758323005
0.03996287208653224
0.22072947601731946
0.13337174955513487
0.012431490097403462
0.013051481458370501
0.0270588699499582
0.3055827537926361
0.23381755850724473
0.022380058053137385
0.03984565175967177
0.02333909176170141
0.05221944992936964
0.01933099298947957
0.14630457209234704
0.03687360898908979
0.08769559102698575
0.11051250892564435
0.20710544695686242
0.0019066083219703494
0.10624236144813365
0.02242192333534073
0.07672178360609874
0.024630544288948467
0.08645554210247873
0.14440794037807395
0.46537709597008053
0.12825209240650906
0.012412446935199738
0.006762597340370497
0.008400911777439112
0.0034405001319717833
0.014826785121536179
0.04556498113996786
0.004026320036239275
0.006073764243386388
0.14554804642252187
0.00010979301815427078
0.049733768491057505
0.12845887279353393
0.02764171863285656
0.03611653630316154
0.10379184357579961
0.040586910768598675
0.04979005260381556
0.05988151902567319
0.06390655956185314
0.002148678725902695
0.05573563418435474
0.05145932939431385
0.06018065453610183
0.004881071339513504
0.013096458601438859
0.1379479864756439
0.05153580157484068
0.1298148741237413
0.3658444866995581
0.008181139442505155
0.08090410280156408
0.006411109202738051
0.01043359081807879
0.013037881700856685
0.035190575433027914
0.01880330309377223
0.044737084948359165
0.05403376124159406
0.026883665127315493
0.04623456731999335
0.3118502859802763
0.0006254498916736545
0.011581863574978464
0.0019835376441332013
0.01687426303648323
0.0028580359016854243
0.016287704965561336
0.016580845094295686
0.014112380511046749
0.005937376622344535
0.04128980179388583
0.0037693751949104885
0.07808246645460329
0.024383201740856945
0.024743714524520923
0.039874522198105035
0.0017869668022994136
0.009223210533238883
0.0724544725140577
0.06081269637718699
0.02543261532646188
0.011362510568244411
0.021231867826596397
0.06202610752195283
0.04965374565299019
0.03719463808316729
0.002629984362254918
0.11427984823130342
0.016067166109855476
0.004233633924427497
0.015020264258716581
0.002702296723193402
0.13541213512169892
0.03876193431141862
0.016759902376877238
0.024794062843167347
0.025503949708853727
0.005736533209775344
0.029005806934109656
0.025908923385370923
0.04084295785530463
0.006117305583727202
0.015454437052621756
0.09241810633169796
0.022469841382568797
0.013242147415402888
0.04615766484557416
0.015207613469617767
0.02730582628963966
0.038826222913575584
0.016614325097321612
0.03308870129014806
0.027630134072469236
0.012134092348535033
0.015723897635556414
0.045121189363320685
0.02651558971105317
0.05242256443950866
0.0788102619822404
0.03496517244991995
0.08701176968589946
0.019496445223920886
0.05284611866203179
0.07232918629234154
0.04147179471779613
0.015484625264887775
0.007030462869114309
0.002174982477494786
0.040331829782573256
0.0022804703775967747
0.0015860771827473712
0.01259381514664481
0.03320309432721895
0.010477652468206764
0.04967348569599348
0.08675977956215775
0.013032320769838502
0.014327005864066544
0.0373989726572555
0.024962929873481313
0.013157499898306014
0.04058054556794515
0.0053438629346323875
0.001076471934628906
0.009655822949174898
0.04749251167727262
0.026064125546964304
0.024928241849556672
0.047476190911818324
0.024767484937480176
0.06666305260489382
0.04900251398032655
0.009537417103141863
0.015562355058708609
0.027745138705957094
0.003604052594930007
0.010257598762972836
0.008707469957745408
0.055448470565405694
0.006769539780755182
0.042904603631634106
0.02270295503371242
0.015234985009369248
0.017388700265464137
0.0240761246083165
0.017022726953497
0.015354316317588193
0.0018057055778567732
0.008073170705233177
0.010245487745987198
0.03419086343707071
0.0032574472769324758
0.0028457942612988
0.00135898043205568
0.0017887719083083508
0.00375891931237123
0.05357713539097773
0.015881462232933533
0.012053360991385556
0.005058201024258458
0.03637201890240199
0.03829715525741183
0.021177541132183446
0.022633769555645274
0.0027931810985468816
0.010593755342814726
0.02948769498293991
0.00809565138765195
0.003776211566456067
0.1110844743235713
0.002724310038968407
0.005474152323267467
0.05330964487949575
0.005918301006023701
0.0021467144269863153
0.017267498864250067
0.007946096608824041
0.05902447454203031
0.0014966208149903473
0.0023551540885049
0.005029811082029255
0.008801513153718184
0.003877555188538816
0.007208483406791267
0.0031736164884663114
0.01723234932679683
0.0014283180249801022
0.009228108220912377
0.044291645117081065
0.0002326485428181504
0.014014729239666714
0.002368214199221625
0.0029601386280521916
0.02813990811381655
0.015629027103962207
0.0013891049186936359
0.0032378916002063877
0.011155717959894649
0.009094112006904697
0.0048649078019844
0.007218634557374949
0.0050591972129805825
0.008487456215072863
0.002450575621331444
0.017577075807196602
0.018570083535012168
0.005365604648981466
0.011893399054856528
0.009646194079707777
0.002595272405621605
0.0071476322769899675
0.002280175078408202
0.002777289638824252
0.0016031249412190743
0.0012155369169209286
0.007489488928915779
0.0163616707627947
0.0034856146053151593
0.0022937925057250103
0.011008021996835588
0.0003849346287035525
0.004455878834418328
0.0434931328174336
0.013959282613269298
0.0182106524904085
0.012752273713393306
0.03527660773493699
0.0007566710664275624
0.022332081748069305
0.008564406852101029
0.0089735610389925
0.005771779867972081
0.006700910108437365
0.0017407488443923478
0.012539164182398381
0.0035495449455492053
0.009097973079337638
0.003439569044943191
0.006499160128648884
0.028059130377459832
0.000842952118889786
0.004381693852646664
0.00826641660377924
0.034680086949421214
0.022462817113005306
0.004699756270857676
0.019148020718449413
0.0020661507958215056
0.010163866539739197
0.03482535860954962
0.0009880663039359798
0.00851194514199791
0.0003478077244915885
0.0015751888940919538
0.0038501497815924685
0.0056287161768453185
0.009353851660679757
0.0072660209808566014
0.008396467446269184
0.012869759254877185
0.0020153936734090207
0.012763265656715813
0.004997962389785398
0.003443983191543874
0.009495081627705747
0.007570385995329549
0.0017647996195698059
0.0015055491840040651
0.0011599410506865596
0.0019877277859078283
0.006478299744209254
0.003016542612863754
0.0027135501179494123
0.0011670023107325453
0.0007567670370733125
0.006858741768579209
0.0009823514595618903
0.0008243959097847318
0.0060431445327225365
0.0006388522479454394
0.0022183531017026044
0.02054024580306832
0.0012355845287878098
0.0011071479967223097
0.004229137027342411
0.009460309333705529
0.004298570701086046
0.013328760179788086
0.01440460390624019
0.0008542477258880485
0.0023351982914571814
0.0009382417893039031
0.0037707021767083813
0.008227947847328311
0.007435107576631815
0.008111114031967898
0.014285552384601469
0.008967321613225368
0.003588618035474212
0.010589514881878585
0.024826564760473922
0.0014692004095300513
0.004944295866339144
0.005715720655073043
0.009968124038671254
0.0033917978901985054
0.001134589997237766
0.003330279096592993
0.00013168974199397586
0.0033681041560467803
0.006240381968209653
0.0023513957458533635
0.0034849699222520144
0.0029113223734942998
0.0028001005769818393
0.0018743213245380169
0.0010045557477206559
0.002245487019741585
0.008469581865603783
0.006207643534368725
0.011918748195835029
0.019837546566502242
0.007313327994767489
0.001493252103295667
0.006957849200796802
0.010202057975161674
0.009772291973547923
0.0004927772920069039
0.004572301913572839
0.0011440268158423653
0.0016552402431367162
0.0006326303124392811
0.0018596637220732672
0.001419811173567561
0.0009293585142445336
0.003496744945751903
1.653228992743886e-05
0.004062812911197997
0.012924780362672982
0.009949028710278529
0.0018408200186414718
0.0014164491165392765
0.0021465706652449637
0.0010486183879612177
0.012762638721500326
5.4239847946082836e-05
0.002368026000179571
0.0017755630303389427
0.0066505404427347255
0.000797633877275967
0.007331149180328158
0.008220620861447063
0.00247307865946527
0.005852862829634208
0.005294081617626167
8.674346206410985e-05
0.0014031712574987983
0.006314008037743305
0.0011814720929989152
0.0007878153969177318
0.00010990856966776086
0.006578901645913489
0.00018445972633101946
0.002299861228184071
0.00631531823761868
0.00030452265628339975
0.004155760225706479
0.0005257120403015957
0.0032835699177341435
0.0025835797626391024
0.000694378907460894
0.0036939587272224053
0.004527901417255547
0.0011138539043886008
0.011919350039347437
0.0007576971343201468
0.003695772748335175
0.013294860415352872
0.00040791660424102053
0.002593204376099052
0.0033669533624206575
0.0036410164891176123
0.0013691642544492687
0.001739265354294023
0.010780648185431698
0.004129256617378214
0.003966208996787725
0.0031429309879632463
0.007289641070272205
0.00012933846444773518
0.010706454111373557
0.003988708094048146
0.0010673302902642775
0.015761931621869712
0.004315608521435024
0.0008008748605938517
0.00018526295629169785
0.0023467329627138837
0.00983224094013111
0.005191225505894965
0.0015073545740908055
0.0001537229148821184
0.0010427850477561802
0.0006228507520023677
0.0019227940447041911
0.0006801969711331624
0.007171660820005027
0.002987640838410976
0.004742625565723561
0.0006737563364256015
0.0009203762730659143
0.018120827390742448
0.0060626177593045985
0.006377620521550244
0.0005858890797383441
0.002751755789376912
0.007702504732985691
0.004981788782699938
0.0007531318305079248
9.874022133159082e-05
0.0019433613176853043
0.0054214671922236165
0.00977801602639589
0.004606800746177485
0.004055208204560572
0.007781309446718865
0.00014480757698694084
0.006162412242697217
0.0026821980447278406
0.0005335985708848909
0.0002455212594150168
0.010521419058035176
0.009624481337185901
0.004364362913514839
0.0004539398943920798
0.0016829023691216395
4.967071488087086e-05
0.0022513295582321526
0.0005424774977921939
0.0027088069925028956
0.002463522170394724
0.004375065354389697
0.0036993113658986424
0.014225313931398215
0.0016377231656974538
0.004272999570505403
0.003207693848627332
0.0007195497812949102
0.0012094846077746455
0.005071748072668869
0.007235508206279527
0.0001293723478621618
0.005690662051132024
0.004527046975724853
0.0005370557409728149
1.162609032852077e-05
0.007024508286986076
0.0033123930113491957
0.005955050348507822
0.00031447837384116043
0.01046259769054819
0.002153988615231241
0.011288804328693962
0.003574752200030081
4.558095282920201e-05
0.005618082359966251
0.020220437930761538
0.0033906024440683337
0.0023393097503936924
0.011828622582688896
0.00833211366749907
5.2521868892550826e-05
0.029754164783214944
0.0019951594071878033
0.006567782137182443
0.0007229838156582186
0.0052231744495057275
0.0021944813587807532
0.0018646829236161106
0.01008439076589568
0.00034040234187617793
0.0011978119422930192
0.007348885532083438
0.002948407215776633
0.0034359096679252603
0.001322467591419599
0.0011308471194904394
0.009712757853916357
0.0016270036129614094
0.0033566364274424097
0.004413715282364853
0.002979626938240244
0.014628800187820904
0.0023178358804634793
0.0011946735973608132
0.001360461990989704
0.001759417413459736
0.0056885831102803895
0.0022846679686030816
0.00011877483579978898
0.0033163048302677213
6.483380239908059e-05
5.587467210817652e-05
0.008433201995034348
0.014672805301582546
0.0013111675355839385
0.010937391295039263
0.010933781426501674
0.003860085346201187
0.007196725668224974
0.006720582903641187
0.006275366711025601
0.0027206012358134877
0.018614103943727256
0.003218764792258537
0.02004207946707101
0.00030958927218767207
0.0030266198529947234
0.008793353467942109
0.006424700219475675
0.004261861607507871
0.023795895154142866
0.00025029544474778937
0.003230283878614473
0.011261570631853126
0.009303036794417652
0.00034045800205945533
0.011649240085532826
0.012097972093402149
0.003273791304168393
0.002365569606237045
0.0035154488824500588
0.011352758438359558
0.0065457841114493695
0.0013867517017345273
0.002021810724800729
0.0018057793329384168
0.006070497811020704
0.005823793601905213
0.029758313245661968
0.00555054069444229
0.013154389159479956
0.0038725097234899894
0.01876009387421033
0.0008671616874874337
0.013656195943375285
0.00617550877301193
0.0005433366387978375
0.00480997194873878
0.0005645074932372446
0.008022839517742263
0.0053555984475904045
0.002144595621694733
0.0022632114937172565
0.00016541762017900817
0.0062557156012845415
0.00459579270685869
0.0002145650496676093
0.00048618106231456315
0.005537735388300345
0.009062635280676483
0.018482344900100506
0.0013171225667148968
0.0009088602940307336
0.009048741411260034
0.004495015742390882
0.001456341394672737
0.0016260264054439484
0.01418927383071767
0.0014497437757361009
0.0001327426754611881
0.027633323140513456
0.006797943266020961
0.009729925164094388
0.0007761058410544913
0.007621864188588441
0.005848374483575469
0.004023712434707896
0.0014376010773399525
0.0011439943490375616
0.004254046294584121
0.0014211288208951687
0.0071991206916090815
0.005535646358398842
0.007920703846953236
0.0013787269573807379
0.007821636953813119
0.00042273909855130003
0.0016072679033780116
0.007069125248357601
0.011140982633277762
0.0037342912856983936
0.0006793699406886384
0.03463615838661717
0.009669460516105207
0.0010930465468654512
0.00011671214013478129
0.0006560692004692705
0.0031585514888019
0.017535055595100834
0.019017308245611552
0.009933891570123095
0.006109469077880005
0.003744569744118377
0.006704004702208598
0.0012032460836422516
0.0013947006882298824
0.0003169066404991318
0.008878788178580448
0.0083097601593602
0.015376699746167784
0.004490125936836606
0.010055441616995753
0.003944324136537017
0.012350444360748582
0.0023342406602826237
0.01041720239683495
0.005745785566709999
0.033974116202858826
0.001488024435022516
0.00792018626404632
0.019758726908574137
0.0028373552248749504
0.00089074042837853
0.004192035107720522
0.014363549225554835
0.002302083469330229
0.005007413520817522
0.008674723437069586
0.008055956849954216
0.0018617334557735202
0.01049101805754743
0.005012656475538204
0.006650840249061688
0.03051422229963885
0.0012815631311663162
0.001875267443296741
0.000900684667625343
0.008011423982037908
0.0026682312127264012
0.006009006808120127
7.64407943716991e-05
0.04226952050343277
0.012635005422724162
0.0008280000874057162
0.0031352111214144637
0.0009402495559305957
0.01824786607176695
0.02271244582741654
0.012808024034415864
0.02551032073105269
0.007793732727553685
0.02893178891314071
0.002900047871266169
0.00804020905771852
0.0293244926691281
0.004051927325527258
0.006564266375654705
0.0035317595678204397
0.014336181409554213
0.00890114058195199
0.026184427446953006
0.0033233564577269674
0.0005913891638760502
0.006859604051892048
0.009279698771834117
0.004545832771568449
0.0033758783919393045
0.006215777737909322
0.028146693281394998
0.030675748595458997
0.014754627268618481
0.008406247933452685
0.0023358850454128694
0.001993946417747835
0.0019839952797170526
0.010113305357067814
0.011390200018309588
0.003831022885242021
0.01743305420196685
0.010199614069030631
0.00343495524610238
0.011690533664921387
0.011143797628723374
0.006920051546153135
0.001634237633604218
0.004740711774111838
0.022829872977473215
0.03175944850289757
0.0031714753513156684
0.02393395983376
0.0023049627890098854
0.00629112025047831
0.0007374235221162151
0.0019346354529420906
0.0006151367967910665
0.021362556338737227
0.005786980496823182
0.004405489140856613
0.009082564860287802
0.029284259791708442
0.026451968730924817
0.009946860540486581
0.0062139403423842506
0.01009193802589047
0.009619657230977503
0.01888898308523651
0.016792524124281855
0.0025678327735623526
0.0026735700404390593
0.01746093463201323
0.006795356877560733
0.011877302863818136
0.0006901254073913828
0.00815220088967557
0.0018032220729875732
0.0012454473349504695
0.017554977395022923
0.013970962669451525
0.005647568495600975
0.002966244440048529
0.003770749520872318
0.013270617639641154
0.004354019333853716
0.008245822916706478
0.0016594023370676988
0.016844769776628226
0.0055425758495324705
0.0044935573599798675
0.0037757422723270783
0.004299570010334035
0.0169852000223766
0.008980433791821684
0.026694850215098653
0.005927359403431166
0.005814405369153147
0.001517145548856829
0.006005294374860359
0.006813010846283288
6.911254648808742e-05
0.0005749449718059603
0.0022696976734638153
0.0042256601911313755
0.0016639114268222359
0.0007663574676666944
0.01277061319254757
0.009200161727899522
0.011832939715457111
0.0011944844962197855
0.005285816395300475
0.01701644995302055
0.005732871959143406
0.00611146480290003
0.0015670103136136279
0.010443705778513527
0.019021443775980158
0.0036601464630264882
0.0027540116310745444
0.00857608349231524
0.005078709462134912
0.004126169228151331
0.04192723636131561
0.028715958406295632
0.008498059421111367
0.0032408584228551004
0.007943107689697956
0.007297491792585794
0.017579445278903906
0.006274064691488516
0.004826677180637496
0.019588784742322746
0.017116840900781156
0.0047215889398876075
0.00943771714727065
0.016243095147139362
0.018192352888788607
0.015170230159596303
0.007813335100681605
0.012437686533080573
0.001964275132986043
0.012698301628165593
0.0017986878209427593
0.0011908498654150208
9.222340411439673e-05
0.03335808569093946
0.045684407634374466
0.000468340837886815
0.02158158795830668
0.013888042195065745
0.001462381451063361
0.03837930670870935
0.01778175110752584
0.005274999707386225
0.007976801703814936
0.007841991764802167
0.001795954008242682
0.018356215717691096
0.04113043297027947
0.012144724773367666
0.02152643718819855
0.008407077951795353
0.001055239557434892
0.0011860033971425323
0.012069651282764323
0.006707967457017404
0.016525615696055616
0.015541496845895977
0.05497653308979201
0.03811277326061187
0.00017290007628806224
0.01420206854950804
0.002488470818729206
0.0309903896452574
0.008616567939176208
0.0004946967825691945
0.0007571942203331908
0.00954007286225491
0.0024669597945547795
0.0022888659530807915
0.029650346319856843
0.021273693867543957
0.012501513225241241
0.019436929586307754
0.008336561576438604
0.012925276679400554
0.0014718410645336948
0.002450466796855719
0.004741170160090842
0.02666277529491373
0.0025182471803160324
0.001535934727231224
0.0012437120171749857
0.0018165349753901776
0.04971187007151538
0.05601354142752935
0.002324795873811615
0.010084836478243148
0.02484332303366167
0.010276467449011766
0.006379891460255568
0.01370807368474943
0.008560853915098622
0.09354548860027086
0.0015507796022645548
0.0028511077032725533
0.0035591640601500187
0.029768657053410356
0.0009753118407582071
0.002564261451496373
0.000775242606152552
0.0022146336408040727
0.0016432148194787319
0.03238008211208297
0.014284022420343212
0.0032240036247074767
0.0003796682958972942
3.108329961131264e-05
0.0013179730105206866
0.011913694162687557
0.017186592872754647
0.005044592708937796
0.003617362223989731
0.005705980545777912
0.0004428037388692488
0.0008396684931550272
0.009383161378734406
0.01322289812085127
0.0014685427835597873
0.004117256582079339
0.012716626003371435
0.002175951903129111
0.005354954354538546
0.01593724753466718
0.00284821987601941
0.031102067614474267
0.004760120504062984
0.001890999240173996
0.012805193595554397
0.007214562329899001
0.01095145451052986
0.034152261220232814
0.007046805831785971
0.0004522735043609485
0.01321785976272863
0.0023593009507588457
0.0295383500409026
0.04139949312394579
0.026442530095902427
0.017230288017545902
0.001831701979882592
0.02163200654992614
0.016857730063356096
0.010627400099097465
0.011071197504042748
0.0019859070734666038
0.017025436210074508
0.0025909274827518687
0.02266161120243302
0.00808831823275117
0.009050583873692956
0.02687243540256117
0.06431594359920341
0.005463526380312946
0.02785729847182859
0.015144723327730696
0.0016986505323703222
0.02808571638154737
0.0026269347648439118
0.02601733605522848
0.03720846159760978
0.011056972968302095
0.014949713052903695
0.0015896120365770001
0.006184773424530353
0.00854802973570996
0.010334422205419205
0.06302683814685658
0.0008839041228236966
0.008571303204941016
0.0020206200673935307
0.013432238149225376
0.010738452801249382
0.002377629377574012
0.0009087665838519296
0.018004995893960308
0.010362487391260753
0.04521861200177998
0.0008646711458682986
0.002392944231624022
0.0009815355567228251
0.006066133032717231
0.03446659231283543
0.01151899340692545
0.00539177202844676
0.0012257774998770494
0.050235811365995586
0.002388534207697747
0.005314118068434545
0.00437958755186473
0.013226792849914152
0.003666562202424525
0.005495322446793718
0.008096849053007624
0.01248928822143957
0.0045463645838036216
0.012867742869710024
0.005191018314184844
0.007429206320299599
0.006443735076231412
0.00335320085545854
0.01765790597738945
0.010693617670575853
0.009241199255945208
0.0051496384477736565
0.01788311644480871
0.008732409537641641
0.009158617450815022
0.0156282953037606
0.017257332534000164
0.010996101725327638
0.0059198908255681994
0.00275549203311607
0.0034180429035884884
0.005272170460143811
0.005905220354232052
0.006089637410371068
0.01831901426968093
0.02619241233228618
0.006378032463428484
0.02889543501214039
0.014771890237660625
0.009891558510020134
0.012611475533048425
0.00017309095838980253
0.016183446436615033
0.00011904019658333059
0.004608736213927508
0.010273720910121346
0.013721944522504333
0.030463183231226945
0.0002630396328796812
0.006797476391021853
0.003305871517709941
0.0006470103797160975
0.0033842531535361385
0.03368013378105397
0.0007275017550740352
0.02390485253116613
0.007053768421737684
0.02455905780985036
0.0007112682064557142
0.00276139723494097
1.2766104827537887e-05
0.0017597060916244073
0.0028912052534245665
0.009612987286911154
0.009635693309473168
0.04681733550962623
0.0028097129006353335
0.006649637161974321
0.004700867385987927
0.008711136544142739
0.00031168396848504573
0.012600779513708055
0.02362604398120229
0.009143301631465258
0.00051404064367633
0.016866428116430306
0.005443641531834302
0.0014804480513381185
0.015502191109482052
0.024418896855144492
0.01059649793214065
0.008253540397063466
0.0017149372729017259
0.0015565608407000664
0.022994349854920108
0.012529083512199795
0.0050552819875140185
0.003631400694437756
0.0037645248110558653
0.0006119072967960365
0.013730207382692603
0.01788296713407834
0.005902163395986168
0.030060953145505484
0.0024321990220627157
0.007408618079593727
0.02121656094716029
0.0036994377771564185
0.0012478828682104483
0.005026299451403791
0.015081148220247868
0.009234803785319665
0.0030961787256045125
0.00307383771771213
0.010144416682600554
0.004840894015238749
0.02956709908161812
0.006254824035553294
0.002190669428642998
0.036055209900867934
0.004602986773375053
0.014442864070707082
0.021740985796635852
0.003341434781883945
0.01329294510836814
0.0015718181847508765
0.003305975894543463
0.013136564680591436
0.016889178382681027
0.011694665092885739
0.022013715941052055
0.0008909860661530091
0.019191914504505237
0.02078803557517905
0.03029598548037232
0.0013969098539097506
0.005112882185913819
0.0332037225499825
0.008187970114629092
0.005341155825012775
0.008682569307996655
0.009790357466057375
0.021347521167609296
0.006726769598972649
0.0002915477284536757
0.010945399172205198
0.020688729381515312
0.002787850720856591
0.015120392038436752
0.012311111390407338
0.0035947152581288725
0.024117880038071117
0.0051979287285610345
0.0023118804684074366
0.022502871019521545
0.010561207025442148
0.005268960711030611
0.035041292060701924
0.007489927242805102
0.022197919622319467
0.013928847819423917
0.015588538301024739
0.009293117868938479
0.00805634422731424
0.0005083180924729059
0.001866115132109283
0.007400341414996172
0.0010474920994818279
0.061155304672260186
0.0011398183863324763
0.006162383729655469
0.004090680493139971
0.020576976473691555
0.0037068805980638255
0.00178130603494108
0.00934933895680173
3.658743194142465e-05
0.007752398229780478
0.009173272792211817
0.011767081402162483
0.0052463548649492025
0.0011423100491222632
0.0043530135716271685
0.008191033327106002
0.004806356398536899
0.007321691367967423
0.001083729822340569
0.0066126247681700615
0.0017532444468102326
0.008132840224937047
0.015913427099626346
0.0066601933988592165
0.0012146237910719134
0.013373395399599263
0.007705742556521336
0.0003370771590548027
0.0006812704950415865
0.013145181848169369
0.006489143557892707
0.0025810996900263055
0.023090905286181827
0.024994788748905105
0.012488826720348343
0.01352372542493629
0.0065716491494599745
0.006837880997420881
0.01466130604059077
0.010191029812508866
0.00012563173983613316
0.0016054566995533201
0.002555665488816499
0.03568652191903405
0.021778123903664168
0.003560612183008573
2.7051822665967465e-05
0.005631884837525503
0.0005177643597514387
0.002715586842193091
0.00046655851205228957
0.0015866517552714074
0.02178157337317138
0.0014328720262397315
0.0043372186448140185
0.03367517099369859
0.011802004867854337
0.012010501788402104
0.018424878167238784
0.011275769192259907
0.006449010266842674
0.018850691768558456
0.002444409695104434
0.0002462681026182021
0.012379478216593137
0.0033218039942861204
0.010270279542752355
0.006297316424427019
0.0035811487551458275
0.0022634657626838307
0.00597006707788133
0.020105540777050176
0.01584850114920383
0.011045645090795626
0.00019951335189877023
0.005069609028003371
0.0007034605904398608
0.02765853666057409
0.005608095708291331
0.005375598801722232
0.0011221005091089614
0.001229501760475032
0.006278947068686381
0.0010891406631224833
0.003923198324388091
0.002651304071281182
0.0023763890056540784
0.0002953660528286023
0.0021728774547428342
0.0021859952807674094
0.0032804302199962486
0.008248057289418803
0.011130743487841517
0.001519424327447227
0.012522736265943041
0.0007521583469130318
0.00044462614185920027
0.05154664993894122
0.006439199987016576
0.011733115975152416
0.04099328513503169
0.0033722413097461708
0.0018890777473217282
0.0070984070525572825
0.02124407154868511
0.0003854615511784255
0.0005657531177924523
0.006355187552457744
0.011909529492551668
0.0061160188382162846
0.002458501480849772
0.0012485805564830168
0.00971623852938
0.013468673991157767
0.0010910547102871541
0.031692421505139595
0.003611307585623001
0.002330780178945561
0.01758623832611685
0.0026029637380541116
0.0023340421620381816
0.0016873871209219771
0.0057383349296173895
0.004394467773613183
0.0339634376307722
0.0006547474087236141
0.007777672333114936
0.0011145810355757016
0.004159272727366165
0.011785592001516125
0.0021850124757536882
0.0197438890948437
0.0020723881668217037
0.013037967822132067
0.00618326603107461
0.021605955941155466
0.01015762715315979
0.008386973831408186
0.0290665734166235
0.007150552505014882
0.002721215248093246
0.007324604205651435
0.0023930251234589722
0.01090016381294368
0.0008227797669029094
0.0002855604690500548
0.00066050998866103
0.0010656639184990948
0.0016552454508333805
0.01092393876921483
0.006027951427007742
0.0019342106990179002
0.0006025358866001486
0.003134567552115646
0.0050636110701646865
0.0069000459651343765
0.011363706057737717
0.008095224866821873
0.027183779989313036
0.0008835471053125395
0.006228348224443309
0.0024485757219029416
0.0010514470697660407
0.0017133975136093091
0.016809238438472
0.01519144351537507
0.004889769291212628
0.005389981962749314
0.018489577348544676
0.00048516813857109634
0.008618613331475958
0.00029759626637312865
0.0008700840783982092
0.0002055782369838397
0.01106828615861892
0.009041193027807964
0.0023861300241542127
0.0158017758283939
0.00443364238626436
0.015050100298719477
0.018540128785782647
0.019135334573097497
0.004375384561638865
0.009178861349467759
0.011340738008218498
0.028143451026380262
0.016973293434016167
0.00018356464490075822
0.0007182201610648744
0.02040033585376383
0.002475240555634386
0.0029808951856110893
0.010140084371000451
0.0003665112813336475
0.0015523820867976304
0.007089116057569165
0.0030182064172292497
0.0073499719575279
0.0019609739925470185
0.00023254270816569275
0.0021333967226801615
0.0010093142465874318
0.01334464673878454
0.0016121680458466721
0.0038265365474382034
0.0012395459650684805
0.017131605404849235
0.01118661865983644
0.002499184850549365
0.010555789490687454
0.026400737244536638
0.013592944817237914
0.004422347046635394
0.013925144631484525
0.000500956341396622
2.3079079103072647e-05
0.0027544931052375567
0.0053247613722038735
0.048038981408789365
0.004763022736787512
0.013878214514562776
0.0006946746670005563
0.006781284128009618
0.0005635080482193736
0.028108532733745726
0.010626432091117638
0.012110972858435732
0.004486159986805577
0.00032762937582867815
0.0015163657231524286
0.0026351784619919744
0.007986322966314692
0.0014772099051541957
0.001015085013273931
0.014869877328670103
0.01729404031514771
0.0012342963256809169
0.00012096379496991496
0.008471634528871234
0.003465468148744377
0.001534982679346897
0.001244891960783651
7.30575232355791e-05
0.0013479981764796837
0.001414022575954779
0.0024547218113377942
0.008142251873425441
0.0071301681547689425
0.004421766996115787
0.00637972526390771
0.0003421331578618246
0.006147531551986848
0.00020425700485059817
0.022302696184272882
0.002818116937944256
0.000854578130876792
0.0041161702346693
0.01646179831231769
0.004753138953280665
0.0015044262072145915
0.028890018095802668
0.014625647790189409
0.0008292303486920489
0.0005309367840998133
0.011861102052531948
0.006043852848782456
0.0012789933237470211
0.0008764294814672339
0.0015848055695573747
0.003077068468861106
0.0033793866208684403
0.008751792456242951
0.014670075640969614
0.015048983444379568
0.012529434947921362
0.0003241709587473136
0.01087147406912317
0.0011200356034114334
0.0014031730868675567
0.009136066127067195
0.01655817183770581
0.000641472437116402
0.0043930271667394815
0.00509760414111195
0.0026633476783207576
0.005761071287296108
0.0181446093735681
0.04184146378763031
0.012362051737538623
0.002398519262808943
0.002339443750007321
0.009774966334474937
0.026990980948273232
0.008819123190308496
0.0030491913977697305
0.0030800868081416774
0.008101186178194513
0.0006044319893671599
0.007105374593706357
0.0022397121852166155
0.01992090996065951
0.012545418669588509
0.0022605639882230595
0.004470513496362442
0.006192853828047696
0.0008297420590666232
0.012125421586611045
0.0009495252662919097
0.0006128946322447082
0.0013111180326527835
0.0011888672323824537
0.01123952348531765
0.004278682425048804
0.009333173378010526
0.007170272225044043
0.011535127628091437
0.003675946226200427
0.0036245795511309683
0.007238298730073851
0.005058668819607759
0.004461378614298683
0.0028286069945961997
0.0019836521307600684
0.006129687581534712
0.0070963443000280025
0.004688108507382342
0.018905604783196448
0.00226250910642631
0.006849524395466132
0.0039881823444025705
0.00883855636678778
0.0003021785267258544
0.005890878755947494
0.0007354137665680079
0.0019544743776860785
0.00828014758468748
0.0030245117899824134
0.0038574244914266393
3.733677323548195e-05
0.004012510407827111
0.0067744049605677585
0.00665546709968567
0.002098692814261189
0.005240380709106666
0.0035983218875893976
0.005702496023500982
0.003564070769157586
0.012255970752080429
0.0007900144943352178
0.01172356986505633
0.0014117968440136971
0.0024826128500030063
0.0041119408067435935
0.02076289687671794
0.00955063798342547
0.005904845827439763
0.007560799372466051
0.001845848615634838
0.0022514376318232437
0.008121018661164471
0.000964925918892093
0.004633670454007055
0.0004356103809474866
0.0018396091885411272
0.007610700982916867
0.000151962679374484
0.0007602987588041949
0.005298047964148104
0.00369973423007697
0.0036836162280514326
0.00853569211449241
0.002938431335345734
0.0034812499680697017
0.0072712311848821265
0.003641549803470422
0.003853007333634774
0.006037213280622256
0.010817048946002484
0.0016443707212875573
0.01126752355041599
0.0133737527937152
0.0002964907603472859
0.003362320879882538
0.008100745816665448
0.0009917262776820968
0.0028327092272906647
0.006835061861714818
0.0015770455590764434
0.00148874237577793
0.0012080356583460915
0.004625398994055136
0.009549227038363412
0.0038446142445247573
0.0008129247408414076
0.006628447208197702
0.008338319613727928
0.003144514276430796
0.008637813626355096
0.009061708521183778
0.0011678665445717
0.00285598387145277
0.003574309249967057
0.0096228275401655
0.0035277417982965886
0.014092408227848978
0.0023801643401361915
0.0035533477900208123
0.010469620909486025
0.00633638072908099
0.008496996986747394
0.0034764742671638603
0.008988472841110273
0.0004150890291676563
0.008701595974707326
0.0023559276069283334
0.009872711189289441
0.0034963861795713
0.0031608665971808955
1.7764935239249158e-05
0.0006462918114826466
0.003020721586284807
0.0023418221197773247
0.006514047778020307
0.008019165885157522
0.0014047540960593536
0.001111244382996285
0.0065014957035665335
0.004789395221103521
0.002287987841167168
0.004849988019090092
0.0037034598382179947
0.010132131823409541
0.001776682980456022
0.010791245795755416
8.740570051727408e-05
0.0029010908576027326
0.00014982498280239148
0.0025563818861115135
0.0013384834263368446
0.0035491794380785504
0.0010069498094627493
0.001851028366064473
0.003141273424262936
0.004391205553068943
0.010165083702255362
0.00400296135697016
0.004337248058740946
0.0010129538164050152
0.00887687697942392
0.00502486289170083
0.0012616983970911613
0.0017521189843670766
0.001441974743139711
0.00041546469496233084
0.0022569384545660705
0.008802120682694446
0.00374874534057251
0.006188136965240283
0.0034724681638895524
0.005388096075618578
0.0027194153683657634
0.004959266643834519
0.008090404565803335
0.0008383059231115116
0.005478744000678396
0.007953152428839965
0.001688422683960849
0.0011971815385961003
0.00294420392223311
0.0034932516882807073
0.011309838223024933
0.0029906182830718143
0.006957736226574137
0.007877697908281215
0.002006245925064541
0.0008852771395479384
0.006768602138414376
0.0010409718568174693
0.012419254983250147
0.00013202588151657395
0.006885715667052591
0.009044666919186465
0.004696206174087389
0.0006779937821622633
0.0018173477704935713
0.00211871771539555
0.003518405995114016
0.004231915785933329
0.0052929429695750966
0.003119591085492523
0.004765214976886758
0.007426259020819902
0.005200815143756435
0.001500141610121443
0.007130402573985052
0.00526356069282096
0.002716631576019631
0.00483875363382352
5.626903804342378e-06
0.0011434948897415947
0.00020955476916954802
0.003739211579554458
0.00020740344043408568
0.005125160341187523
0.011910991839101015
0.01508355178495823
0.007467095889668874
0.0004182160118993856
0.00014878777839891355
0.0023877543740567935
0.0008453985546358605
0.0003480819559652636
0.0024270973534245037
0.0008543516843258152
0.011014872337984115
0.0015367421704545004
0.0003446376746822254
0.000571221486093223
0.005918403977759023
0.0014682733237106238
0.00038562540492026546
0.006398778363697354
0.00012947578538609236
0.0006904633803173544
0.00012486222381002355
0.00171547144653409
0.00954017451948405
0.002538307658354436
0.006126169492830342
0.006668331061403821
0.001937343111408198
0.005508377427577845
0.0018654985907644323
0.0004000984188665855
0.0025465688605406512
0.003485639207238804
0.00013952251963274682
0.002763479667316987
0.008086791893336212
0.0021169498666690468
0.0011730861375988265
0.00029630684926832323
0.01586112280712614
0.0011086868910892434
0.007221791447744796
0.0012977636774067474
0.002534995366122966
0.013095414463577378
0.004780122368926151
0.0038665394346868143
0.007318773370452029
0.00022779624674595678
0.007049322424765919
0.002376895742365657
0.00040990125950658105
0.0003680576016413156
0.0028205973801918244
0.01027821456424833
0.0020460380241386113
0.0006791813235652505
0.0020394460126453655
0.003239439176111335
0.00015941052315087326
3.321264330213108e-05
0.0014771446278300845
0.0005958731275509052
0.0014531199191170493
0.0015936741103842022
0.0034463479624442174
0.002614501822636199
0.00018539861693366968
0.0006424831262897446
0.000833481136330443
0.009416630797895698
2.795827211077102e-06
0.0013182891145599568
0.003119586170420988
0.00483371408501001
0.0006570534883213236
0.005606075534174289
0.0034355624256230096
0.0051438139082948
0.00017366275630702798
0.005219606468497837
0.001895197272043677
0.005742485526632122
0.0008952293727040111
0.002852644162804942
0.002219381764268751
0.002147597685286876
0.0034426671398696917
0.002796570749450792
0.0009339077019649158
0.001292934635053883
0.0005249818569880374
0.005878975154775636
0.0009423641798160851
0.00018870339022218066
0.004035655687467019
0.005015427564756044
0.0030290384431490157
0.001721364835158064
0.003913800975387608
0.001446619750938379
0.006347077784159924
0.0004804731258983726
0.007139504766437859
0.005574727295836336
0.0008920744201046314
0.0012619146674300783
0.0025959289725764442
0.0007286001716538608
0.0021586767939789737
0.003276618704118504
0.0024445394220167227
0.0028401758564768073
0.005427847889045602
0.00010741775537442996
6.891069803489486e-05
0.0023747448359216013
0.0005518733128393512
0.006275459981101136
0.0025767189755255037
0.0014131863126978276
0.00660078830301601
9.349140671775823e-07
0.0023232024342349903
0.0023070087024205416
0.00021057554102832062
0.0002649789159694695
0.0018234535398237524
0.007102795647758452
0.0017504301108763574
0.0032756367548052185
0.003102943683575501
0.0015978115935709664
0.0009854061100632678
0.003318748313543595
0.000872137357437683
0.0021461100145506026
0.00033279237112577794
0.00424136607447325
0.0010977196281493835
0.0009682830521955118
0.0018774397163809017
0.00038813152189604754
0.002423297092738989
0.0022912071265359193
0.0034503706537207138
0.0020295108625223543
0.0036483990213904607
0.00030547060303178636
0.0022025243773374004
0.004371408098166105
1.8812515494698382e-05
0.0032504417106036824
0.0016307726898993939
0.0006460422999160182
0.0004411986027458813
0.0029600386591548365
3.398227719581241e-05
0.0005142218312651182
0.0020118956429909522
0.00010938330405856495
0.0017737516080029402
0.0017631331047086435
0.0010869246671591103
0.0012297075258932823
0.0019761303100036647
0.005584182656269762
0.0035896775966984475
0.00724265512744831
0.00017818618436721728
0.0016894838830520192
0.0017561087064830033
0.0014902179147355558
0.0023558772200696783
0.005156240488392098
8.94738783508051e-06
0.0002470391059270618
0.00033264839205499215
0.00152745205648328
0.004312463136860025
0.0027785723880032315
0.0030532047496335413
0.0038973899442637204
0.004058235775720458
0.000162608240433181
0.0008617489322115984
0.0029404306759526102
0.0010457123033275257
0.005094172979785271
0.0020060341157616284
0.00010230397100736551
0.00015283103298872858
0.0024548640130444355
0.0013471177582993904
0.0019795920894555286
0.006077076293610091
0.0017246313633708346
0.0012660023166311972
0.0015462622223642005
0.0017411335165313756
9.139085274764599e-05
0.0037486879827546777
0.00046499118108582276
8.42426406665416e-05
0.00041878138689123315
0.0010408365844005074
0.001424055519588917
0.0005259279826333814
0.0002783791734895612
0.0033610678259571223
0.0026287880161009096
0.004177996389760721
0.0009840317130017846
0.003331885857392092
0.0010852184790533276
0.001054967798876064
0.0011047384279860117
0.0003649665954945942
0.0018061553716266655
0.0007720603742677045
3.0132598470895622e-05
0.00011037924380369907
0.0019237883842908976
0.0011285173425260283
9.282632524720362e-05
1.4052141744490511e-05
0.0010795443703354463
6.164003003896199e-05
0.0023061612869318534
0.00400054417794898
0.000777411640019059
0.0007122267472707763
0.0022208324033755112
0.0001941049129404972
4.3733546550926075e-05
0.001372523560292601
0.0038586446211573066
7.617558555442631e-05
0.0011330329462975006
0.00031066630001699483
0.0038241575730431194
0.001310908510363861
0.002114187974002644
0.0027235349146377025
0.0009502873156869983
0.0011130088190965148
0.001188232223568817
0.001548134228125066
0.0022138925295427415
0.0012053004058886483
0.00012219237666841504
0.0011868329501372554
0.0013058899391393995
0.0008405449801118902
0.00015991915746566107
0.0019545170034514065
0.0010590659909693416
0.0018680180151999363
0.0004002842910505789
0.0006891628284414318
6.182074754856321e-05
0.0008556443894259909
0.0010451710699191877
0.00494827228438529
0.0012488810355405537
0.00034309641801632775
0.00010048566037038795
0.001180355384671054
0.001624321377745194
0.00247217030318475
0.0003499513981759
0.0008344301418282943
0.0006907901199294322
0.0024635012094024163
6.0572166316365345e-05
0.0010509746336115804
0.0011814464605798482
0.0023736773664420814
0.001530620379571567
0.005437119756776638
0.0020413023510558745
0.0014649317705649274
6.308313342014771e-05
0.0006543646014774442
0.00040905241402590034
0.0006766347742072905
0.004573669027311238
0.0021066399458619144
0.0005280440821361473
5.376637807020774e-06
0.0013316621492101453
0.0007291060110969774
0.0022810815523304985
0.0005510947383805055
0.0007699075673735407
0.0015518219828000918
0.0012287613123768758
0.001011115492251357
0.00030123963649602946
0.0014105265069316224
0.002579062136643744
0.001259596369487538
0.0006944227629315824
0.0015737759590602745
0.001041739622870785
0.002249542505087719
0.0008343413499640235
0.00011110424272696942
8.009737363006373e-06
3.136857001071376e-05
0.0005667714560509296
0.0013513844930065047
1.0368970665163986e-05
0.0010774143565727501
0.0005117127027673723
0.0006177871505263447
0.0013636988935461908
0.0005928903006139739
0.0006627479310504624
0.005574421057307781
0.0034361118995455187
0.0033886092785063967
0.002981008960371627
0.0011455652629564768
0.001191714870701096
0.00420823065341161
0.002212502158086578
0.0003202033522842894
0.0021544156699696356
0.00157056195601821
0.0008676658338754049
0.0013472066386655038
0.00333523247404311
0.0025950195481181043
0.0017525324394558632
0.0009663091420917035
0.00022742599480454312
0.00032765052241589214
0.00037940445026115655
0.0009267694848328508
0.00020485774311960531
0.0013051988504989304
0.0007904486655232261
0.0005195093160564933
0.00019064296912789247
0.00044921367311622135
0.0009374465883023458
0.0008704648019882324
0.005811383169176108
0.0004457130651028125
0.0024614842244713446
0.00484599291225093
0.0019040001844247935
0.0007567046416928079
0.0004720489955057633
0.0021900913920846763
0.002580650061040533
0.0014085732039658568
0.0020386337480435583
0.0018682102636029471
0.0009714028023143038
0.0005892128252247568
0.0011724427620336843
0.004592163498641528
0.00013183359992987917
0.0007030107954813378
0.0022402835222527463
0.0007468780802492032
0.0009548897187890245
0.0001337270498776715
0.0014402362755721529
0.0023527251671375997
0.0010476640898090322
0.0006065762827919087
0.0008997505888614561
0.00028748543583718804
0.0018907150883369216
4.650182279074241e-05
0.000809524316196147
0.0008936086872246556
7.019702170067906e-05
0.00045301670211218836
0.00022479521075699822
0.005441886162814103
0.0005207983481215528
0.00046400628817544525
0.001500378929861617
0.003939513512881868
0.0005800333560284465
0.0021929060795594165
0.0003833707754252229
0.00040258863753361916
0.003744367890264645
0.00010549819190415446
0.0001733427242691455
0.0011644424312746491
0.0011345776212515267
0.0014694744123234095
0.00019367661881023975
0.0028538952131875583
2.216759310957352e-05
0.0023583278642291656
6.4838257671407435e-06
0.000979300043715518
0.0025588780676500953
0.0007090860148833044
0.0021332139480262457
0.00038527422189535985
0.00025817165019307957
0.0027634487180429965
0.00032400139800711054
0.0024370468723613685
0.0006670929773478937
0.0005923827704753773
0.003014112091598358
0.005488550839448894
0.001208348815710323
0.003840328295116837
0.001079424044342108
0.0004811027835898236
0.0002688343280015266
0.00015222608410647568
0.0018639246749829947
0.0026649868261087576
0.001522601165183959
0.0018121520118535887
0.0010398130325118173
0.0002999745677418109
0.0012437135981134466
0.0018652316000201056
0.0014689203117599409
0.0011859966618707344
0.00024139682285767767
0.001095460175207139
0.00017576755613989763
0.006298091824602956
0.00019546821217812099
0.000908016328235095
0.003445932745716934
0.0015423239165100063
0.00011614224336746648
0.0023151898111154617
0.0011588973170655497
0.0005754220438931137
0.0016393882691670021
0.00041232952159170024
0.0017899411225889856
0.00017738038116797247
7.773036029982955e-05
0.0014663842138487905
0.0006271057742222599
0.002444729596195678
0.0009363623960223066
0.002423137328410032
0.002033581719999938
0.0024689019098655643
0.0022271397472709256
0.0036566655538604834
0.0018837606930126477
0.0013040177940047012
0.0009882119164129374
0.001932668610193132
0.00044309693447248477
0.0006084111497462493
0.001631818199739063
0.0012245452250696453
0.0056283223174962765
0.0014291812723733342
0.0017678022226818326
0.0018234453071769112
0.0008481063943998761
0.0037443944341816306
6.64280305531945e-05
0.001036560355538548
0.0003376946651922157
0.005766174711492024
0.00017910699471295825
0.0014333555122094956
0.00011093399913142013
3.006389412381984e-05
0.0014744407835683196
0.0023811839771071025
0.0020235218703077667
0.0016938140964092461
0.0035674874127714943
0.0007865457489501786
0.0012436125951123655
0.0018894014220159651
0.00024219134008542214
0.00032637451967238725
6.281536548066616e-05
1.0230444911580624e-05
4.4888203126212276e-05
0.0013131875677032622
0.0006770136966278798
0.0020407033343814406
0.003574663243673266
0.004903435895956755
4.582565541251714e-05
0.0009467230430177146
0.0003153196777147634
7.112085239460722e-05
0.0017174738424709478
0.000168009393287906
0.0013043919620869678
0.002474936802736763
0.0003630508228941265
0.0018720053039040434
0.001029871256785075
0.0005279320557926531
0.00022703594841122694
0.0029222779070903595
0.0005990235419563704
0.0014259277905618135
0.0008370933693339323
0.0029333453083396255
0.0015041251897809395
0.00039027088769836107
0.004202627396934555
0.0007126723283080001
0.0026559094927974575
0.0026394580447096794
0.0005484218680947193
0.0009993349495868538
0.0009082461714850293
0.010956320526047952
0.0008000675384703901
0.005010879985443527
0.00040732347539160116
0.001229155762057544
0.00018317200293492807
0.0022059227888961926
0.0033222491874429195
0.002265594060590392
0.002582045792765434
0.0010060534739262362
0.0009314772430901464
0.0006892511936287384
0.0036730637427868367
0.002330879667596712
0.003927199801245788
0.0029368277252529236
0.0002471677054335484
0.0013932738129460262
0.002040546485760201
0.0016159768716363322
0.0024210490900422542
0.00038514760026804075
0.005126377137675398
0.00044479434935759237
0.0039043645876715876
0.00018526862950081006
0.0017466947832728888
0.003674368722118324
0.0038714857919173716
0.0007421608435599079
0.003564570275271294
0.0026408057829757844
0.0019749436803665195
0.00433027090451523
0.00035152442530801296
0.0023020117995833857
0.0008599072491872544
0.002094098948909894
0.0010944815571680212
0.0019441060924420437
0.0009838754659350192
7.245421494940296e-05
0.002610292197340834
0.0006415713106199746
0.004997681608234105
0.001778263493794585
0.00015587262648716706
0.00026186048822799806
8.935049577695848e-05
0.001911326342574444
0.0019497502493409748
0.004664461131692407
0.001237762251765222
0.0013291687055568171
0.0017303260559732557
0.00018954827785034697
0.0020144739341770163
0.0009509079285456595
0.0005417651813328389
0.0009732985731752343
0.0020545630232952938
0.0008379371960661388
0.004388985002085531
0.005161484142837988
0.0008477691312516382
0.004240415631029317
0.0051084304222388304
0.002019400739802581
0.0036399488112005313
0.0015001635037552045
0.006010508242477603
0.0032374103629386366
0.0017452035959384213
0.0006531247977870346
0.0012127200899910784
0.0011144322573161478
0.0024647071765463214
0.0011760005686403013
0.0008881106581274623
0.001023433693789913
0.001723544819373901
0.0006380479933646329
0.0013916829927499558
0.002506180758283729
0.003331547206408056
0.001192527536177236
0.0037646541286708375
0.0031976195292861683
0.0012043631469435038
0.00046373687637854267
0.0007803752406395643
0.002527158054890899
5.7393544896269006e-05
0.0026169188253335304
0.002919367185233045
0.0004059840793203417
0.001826467557911487
0.0025850749514029544
0.00031124101184071853
0.0011840989110362297
0.0029450038979395403
0.0017218200304748433
0.0012225102726721982
0.00143248974559818
0.002723712407424677
0.0008681962602431268
0.0010712897005081064
0.000499371960415577
0.00042229516013749267
0.0010880044219813488
0.0062880437025201585
0.003157360852586235
0.00017813148511137822
0.0038834642974820296
0.0019681841887504077
0.0020291598124372546
0.0011150296279573118
0.0010141567376804746
0.00027840080545533805
0.0009760024081771915
0.0005632861254164095
0.00026506625218442737
0.00234739967949736
0.0010622642381079776
0.0023317105667413833
0.001977449596861093
0.0013252755154703841
0.007018133189591927
6.694905557351945e-05
0.0022492650354600714
0.0010419285351216557
0.008266147753073067
0.0008868028156449229
0.0017052222372340336
0.001108798817827793
0.0005742195870809621
0.001923314160261696
0.0004865041761648014
0.005905533885605015
0.0007981114242195269
6.358756329730734e-05
0.002422787117112485
0.001581952391954791
0.0012532009077418638
0.004337590494494897
0.0017416146047208798
0.0005058532375189251
0.00014443889072105533
0.0004881385163823781
0.0008275592963454986
3.4826591868250076e-06
0.0012838398994799976
0.0028079173604532784
0.0008366433434537447
0.007637354201411368
0.00043836201968008745
0.00571716866051556
0.0002998354203255273
0.005435739321719297
0.0015851615727232075
4.510032861445718e-05
0.0032288854940639876
0.0010094701820671141
0.008740402557587228
0.0012974419256183626
0.0034155533799529185
0.00046855954558647705
0.0005869622618196145
0.0018051054464617135
0.002525391098315072
3.4293957685147542e-06
0.0006820089077488508
0.0002449636232191553
0.003413146126789562
0.0008719771231199138
0.002546931311952293
0.000565196112415112
0.0022755683766032928
0.004070183857310812
0.0003655363775567929
0.0010519981346904445
0.0012523670212735009
0.0009301962228335155
2.1176605170291763e-05
0.00022859441419197546
0.002654477468606897
0.001361011617343446
0.0013063174766381927
0.0007198327606513954
2.210510265764353e-05
0.001966653460324246
0.0014645360082257682
0.002051051971195632
0.0017684996077559913
0.004582054592619733
0.0014635564929253776
0.0005582418957406391
0.005251529229398666
0.004012005936209144
0.00488864102998788
0.005897158863157617
0.0039149445131119185
0.00048821298503162926
0.005332950259376378
0.0012469452317472693
0.0043739698649226675
0.0024034193170598644
0.003361838230059806
0.009679230024304718
4.925791565981901e-05
0.0003843757468783561
0.0011312662015232973
0.0018140841106150686
0.0016572175204690224
0.00032272778509971433
0.00041357378105773583
0.0032482024875161693
0.00234934936948013
0.00026967537939656975
0.001494666991372778
0.0008215279877506945
0.004781057906242114
0.0015992671972352083
0.0007599205177209366
0.0008820121289121797
0.0045824669235236875
0.0012140859016597453
0.001208767429339287
0.0014236996070017066
0.00018630375260644534
0.0003156201473677182
0.0018465428136360369
0.0009931158651120332
0.009633247855998176
0.001648208170827477
0.009914292907068611
0.001634431610295402
0.0010906015260271106
0.0030008675593956495
0.0008284586184069071
0.0010452309585917004
0.003963944139468178
0.0035452149795632605
0.0011454484381381096
0.0008507876433693313
0.0012596970409190598
0.004856544245673537
0.0003461174336705636
0.0018539302576145802
0.00025867176932149326
0.0016204546353205914
0.000626780351943743
0.0016385848989408833
0.00015713828660015723
0.0027708878266851306
0.000876145857023585
0.0016738521837965559
0.010582940828313021
0.0008522639130194598
0.0003791834304517396
0.001526246515951081
0.0010296530495238086
0.005168082684778305
0.0003688602714188023
0.0024227868190033128
0.004236599479085447
9.617740921862988e-06
0.0004514157323124856
0.0007833788637831378
0.0009728971904741868
0.0007844085350464979
0.00024739551743471457
0.0007389074018967718
0.0022249358644134552
0.0009889314163912262
0.005936539699970001
0.00028425811949136034
0.000795119456022961
0.0018840596678569208
0.0025832008491624083
0.00023801991247884792
0.00040519542021229325
0.001730005888982268
0.004600469012198713
0.0035636350935685343
0.004133231570870793
0.0025413103584235666
0.0038650085014529513
0.001050511195431953
0.0001869221013021906
0.0005970328819993075
0.003423867183789659
0.008206121346778658
0.0027403785433863922
0.0008683149682275606
0.0015559190838617333
0.0003832360251452592
0.001452793769109031
0.0010812629564069744
0.0001513079931634169
0.005287455815584605
0.00541729817847304
0.0044889668331098255
0.0006104136649661509
0.004393170205220412
0.007964713905550902
0.0007489491675430707
0.00029202669936143056
0.0028666784929644476
0.0007457035920403676
0.0001332157883888375
0.0040702911039256
0.004260947650234109
0.002953484687222746
0.0011890194947417661
0.0005418321680916606
0.0002877320527141406
0.0012976525934371658
0.0018916733437759458
0.0026622504138021654
0.0005188014855347
0.0013712230820260769
0.007324409708639685
0.005755233422634808
0.0003148805291349386
0.0017222921510075396
0.016411685371589955
0.000918495607983092
0.000624831825832198
0.005556347338048206
0.0006930822171206779
0.005149837586210836
0.001612966811501001
6.823806237645705e-05
0.003243173848541248
0.003484618240374192
0.006566267056731051
0.003920431863782217
0.00410263551703616
0.0008537992393255336
0.011074088931616955
0.0018677936461846617
0.0012104317723734496
0.0007005999758134677
0.00039553072908737126
0.0013436075982807213
0.0009887943527725795
0.008151820725834423
0.003739483359918862
0.0012042097885589496
0.002179822550769074
0.0021510183617157383
0.0032286805368261116
0.0026508431154035964
0.0010124996103824929
0.0021414156156222344
0.0005297457646681514
0.001752624383661366
0.0011183561883303893
0.0007343112682665703
0.0038258687831282997
0.003105443693376825
0.0012069505794186054
0.000301692701533912
0.001455772516301188
0.001816993782369646
0.0007430516619893167
0.001554009394549294
0.002195495385854135
0.00028215821509684606
0.006960510346117758
0.0051524121049644584
0.000646459152589831
0.0002968356049964427
0.0007589256120935517
0.0033103598640671804
0.0031164068551367613
0.006191042758674169
0.001552744317265932
0.0015173057684917312
0.0064358889501851535
0.00045310535062223923
0.0035110300977631756
0.002924016681580175
0.0008342203299371546
0.0006473747849048651
0.004297455606587698
0.0031549714441169484
0.0021735816987235573
0.001705482876044714
0.0012649185793056747
0.0008446452458251273
0.0011002062992643813
0.0010973170410639886
0.003493024130530931
0.0010338245271478486
0.006292491199027966
0.0021993895970706975
0.001092474682215287
0.0020375317413801482
0.00013368718828661523
0.0022393221148952398
0.0033188559703035093
0.009384430785374237
0.0004052465842136135
0.0008240640211468227
0.0008690640464713786
0.003008660264788916
0.0029303083438930746
0.00040094818351129246
0.0001557628916486422
0.005016410643351429
0.0011495061794729114
0.0013243742252293802
0.003295043682128407
0.004736727454959386
0.001187193149270431
0.008008015863272919
0.0016294177330462968
0.001141384368963784
0.00303221712959925
0.0016563668204130299
0.0009943148955799314
0.0031263141470804054
0.004284862760644476
0.001256950765747273
0.0009694521903956862
0.0043257635938387835
0.004142972523808657
0.0013099356963475663
0.001951569919717859
0.0018263818420891514
0.000509571768680428
0.0024471261804651294
0.00048808355680219766
0.0007289626107128308
0.001961193032654492
0.003118243953328442
0.0030480992238939722
0.00233718992367369
0.012086589889623056
0.0017686433282758651
0.0020498305358238487
0.005191604709589575
0.004806369311167647
0.010550893488621756
0.002259188427811044
0.0031012327826189573
0.002001674554463103
0.008792665365280346
0.0006135977258503858
0.0013241110836859809
0.0008553961523694196
0.008928230675777681
1.3523824520484805e-05
0.003962799544026934
0.0001486515501856778
0.00436543495992976
0.000295160795719364
0.0027288389129083946
0.008982130242935187
0.0008151835429676462
0.008448973530190106
0.011341558857937594
0.00036436590495712455
0.001217203667203083
0.0003578306966989446
0.0007036057715526175
0.0042367554010622486
0.0026643042802502086
0.005446211241906306
0.005769977201267432
0.017324110299298687
0.0009538980281034933
0.0008226179870316786
0.0007251348117125953
0.004282593506097072
0.008234657292939436
0.004116948371612239
0.005243548228500307
0.0005096063917977274
0.006686415334797511
0.0012943527766701697
4.074632178862836e-05
0.005512877540448957
0.00956731013176597
0.00045426987886072506
0.003919439348926401
0.001177963431450891
0.005952698515222564
0.006621206777861007
4.498336096619524e-06
0.0032269686668506014
0.00015884141442337098
0.000266169743657594
0.00023601918612945952
0.001240001912196598
0.005124856675808784
0.003263779828726724
0.0031518318651683106
0.0030542665197951092
0.005813414727778249
0.0015967706277164116
0.005849093676898542
0.0011837014333985795
0.006898971837800639
0.009052524036552203
0.0020287224769177
0.002742083744941907
0.002391621385155977
0.0010690192595003798
0.0013617524979548236
0.0009166707514507142
0.0001838125157423169
0.0035434445027166445
0.004526479851337168
0.00444981309736196
0.004614268164073692
0.0015699594627665108
0.0015239867949004937
0.0036601746958728363
0.0034485179793098436
0.003000632842606127
0.0016830461921528974
0.002401516040369984
0.0015473928853360537
0.0030634591949680974
0.0016333116819330837
0.0011981995346493145
0.002230708863773987
0.0038593938498956756
0.0004434269086420359
0.0003214699847890456
0.0013633966815496592
0.000258099877070851
0.0023441652503065863
0.007202138751227666
0.001279052088004105
0.002968024560262146
0.00015812154105193107
0.0046376422699139575
0.0038407851947418466
0.005179841703461108
0.0032702851646899357
0.0032589743364355075
0.010809979864282926
0.0008247808324994187
0.01869221181458103
0.005563427401059455
0.009434954904533884
0.004154449709632406
0.00885257272130601
0.014722117168745063
0.006440603185984776
0.0018459402573859983
0.015057280056663817
0.007790284959301743
0.0004441391423377888
0.006624751377802134
0.0009547937454040896
0.0011605601777643917
0.0017295572495440348
0.0006202978475932661
1.2355200448845163e-05
0.005460459667830909
0.0037444322436562976
0.0021150266307731987
0.003410550949371639
0.005801983230396329
0.005830000938560781
0.0026713233521702675
0.001156659071518783
0.001106196315815231
0.0021689098087898737
0.0002520174041409646
0.0005300950079443659
0.0011663857639041925
0.0007684317058977974
0.00561944436935811
0.0024322294451333114
0.00122434418959956
0.010136136709314477
0.009473076898523303
0.004724946849469574
0.0015028033521780513
0.001608403770749515
0.0016462775407876907
0.00331278230624778
0.00025973146452571273
0.008208154687201288
0.0015269990781028337
0.004141181820966341
0.007950080473939707
0.006136789596062575
0.014245913854423566
0.00016625918270948256
0.0030713244154909644
0.003379850880524877
0.0002228344326415551
0.004782533202152818
0.000511578600055855
0.005275369948216488
0.003862078373998546
0.004869566914295615
9.570996246795316e-05
0.0026340967057419565
0.0022899149872080008
0.008072133851319895
0.004780271512795866
0.00043923977736635815
0.0066001777720139775
0.0075906653248517435
0.005830445230387652
0.002149970010775022
0.0007802545530771422
0.003461648641266278
0.0014541018286320288
0.0022234074449449495
0.0003422056382327675
8.070757756845294e-05
0.0004805218493786123
0.004674878614081986
0.0024334329436043363
0.006551592194711601
0.006747012369360726
0.004069219457344043
0.0018370739205110496
0.006480505933742676
0.0014534364858130966
1.4065692221102035e-05
0.004335315058228192
0.0016385946852653585
0.00028671920857480505
0.0004928411868566049
0.004516527727882888
0.00264498252317497
0.0035864881659146406
0.0005847183136895358
0.000203837292103123
0.0032895863580416976
0.009187492318179002
0.003544079632113459
0.002719365748993316
0.001218322270496079
0.001190533426623779
0.016836162100050615
0.0013141252555319135
0.0027730614514948813
0.005100387341339701
0.004938032367624698
0.0006282003909880023
0.00300065752809521
0.0002685889402129015
0.0006673055450937955
0.003876586447099206
0.0007220007097683634
0.0050984890533960015
0.003916849511607861
0.004984258255980411
0.0005008106000929612
0.00036056653625510444
0.006964986165104181
0.0027514754549636407
0.005991781345938581
0.0016081770761988028
0.008378563308117112
0.0009588343942235711
0.001322611373331997
0.0002620845231078003
0.001693057771338759
0.0004750410811000677
0.0017185985198522812
0.010934594271869769
0.0004895711516744537
0.004101195620088036
0.0010738772392263215
0.00040345551822674314
0.0004494755527399469
0.0022914932209774047
0.00010434003517824056
0.003539590663279284
0.0017578776225128327
0.00263254068323719
0.00042133643994182
0.007586349915731999
0.005471356499752093
0.00017783332372415714
0.001837554091719609
0.013527255349167887
0.005717104785282092
0.004660463618208864
0.005906079148067661
0.0037740530659864046
0.0009482323644034303
0.004614928925205343
0.00018103805445943464
0.012205714093129618
0.013010855109161949
0.007520299209068421
0.00022000276427223256
0.00175758374343104
0.003731669468425406
0.0005997681041348931
0.00043769377766650575
0.0003845181205290374
0.0024475822756004225
0.004175149722303838
0.0036524684202999514
0.0006832424314393024
0.0019690693651077283
0.0007547685491440669
0.003937548311025237
0.0056365039790362646
0.004126859151419091
0.003209789723553058
0.011572129065416156
0.00461298549478656
0.001855916072809865
0.002751805377747012
0.0031439765592652796
0.004144885354677808
0.0008612185254879094
0.0057269566914706005
0.00016110309337607473
0.005731893784338241
0.00024020861585787373
0.005836622547801409
0.011339995012802133
0.003368853377351466
0.014353624988015
0.01664710234024674
0.0007260572024255572
0.0033268239685747226
0.0028919789987281496
0.007497917604261516
0.0045652992710682625
0.001331581221554121
0.0014607926104520934
0.0028586055481110498
0.00037338949019542246
