0.125
0.25
0.375
0.5
0.625
0.75
0.875
1.0
1.125
1.25
1.375
1.5
1.625
1.75
1.875
2.0
2.125
2.25
2.375
2.5
2.625
2.75
2.875
3.0
3.125
3.25
3.375
3.5
3.625
3.75
3.875
4.0
4.125
4.25
4.375
4.5
4.625
4.75
4.875
5.0
5.125
5.25
5.375
5.5
5.625
5.75
5.875
6.0
6.125
6.25
6.375
6.5
6.625
6.75
6.875
7.0
7.125
7.25
7.375
7.5
7.625
7.75
7.875
8.0
8.125
8.25
8.375
8.5
8.625
8.75
8.875
9.0
9.125
9.25
9.375
9.5
9.625
9.75
9.875
10.0
10.125
10.25
10.375
10.5
10.625
10.75
10.875
11.0
11.125
11.25
11.375
11.5
11.625
11.75
11.875
12.0
12.125
12.25
12.375
12.5
12.625
12.75
12.875
13.0
13.125
13.25
13.375
13.5
13.625
13.75
13.875
14.0
14.125
14.25
14.375
14.5
14.625
14.75
14.875
15.0
15.125
15.25
15.375
15.5
15.625
15.75
15.875
16.0
16.125
16.25
16.375
16.5
16.625
16.75
16.875
17.0
17.125
17.25
17.375
17.5
17.625
17.75
17.875
18.0
18.125
18.25
18.375
18.5
18.625
18.75
18.875
19.0
19.125
19.25
19.375
19.5
19.625
19.75
19.875
20.0
20.125
20.25
20.375
20.5
20.625
20.75
20.875
21.0
21.125
21.25
21.375
21.5
21.625
21.75
21.875
22.0
22.125
22.25
22.375
22.5
22.625
22.75
22.875
23.0
23.125
23.25
23.375
23.5
23.625
23.75
23.875
24.0
24.125
24.25
24.375
24.5
24.625
24.75
24.875
25.0
25.125
25.25
25.375
25.5
25.625
25.75
25.875
26.0
26.125
26.25
26.375
26.5
26.625
26.75
26.875
27.0
27.125
27.25
27.375
27.5
27.625
27.75
27.875
28.0
28.125
28.25
28.375
28.5
28.625
28.75
28.875
29.0
29.125
29.25
29.375
29.5
29.625
29.75
29.875
30.0
30.125
30.25
30.375
30.5
30.625
30.75
30.875
31.0
31.125
31.25
31.375
31.5
31.625
31.75
31.875
32.0
32.125
32.25
32.375
32.5
32.625
32.75
32.875
33.0
33.125
33.25
33.375
33.5
33.625
33.75
33.875
34.0
34.125
34.25
34.375
34.5
34.625
34.75
34.875
35.0
35.125
35.25
35.375
35.5
35.625
35.75
35.875
36.0
36.125
36.25
36.375
36.5
36.625
36.75
36.875
37.0
37.125
37.25
37.375
37.5
37.625
37.75
37.875
38.0
38.125
38.25
38.375
38.5
38.625
38.75
38.875
39.0
39.125
39.25
39.375
39.5
39.625
39.75
39.875
40.0
40.125
40.25
40.375
40.5
40.625
40.75
40.875
41.0
41.125
41.25
41.375
41.5
41.625
41.75
41.875
42.0
42.125
42.25
42.375
42.5
42.625
42.75
42.875
43.0
43.125
43.25
43.375
43.5
43.625
43.75
43.875
44.0
44.125
44.25
44.375
44.5
44.625
44.75
44.875
45.0
45.125
45.25
45.375
45.5
45.625
45.75
45.875
46.0
46.125
46.25
46.375
46.5
46.625
46.75
46.875
47.0
47.125
47.25
47.375
47.5
47.625
47.75
47.875
48.0
48.125
48.25
48.375
48.5
48.625
48.75
48.875
49.0
49.125
49.25
49.375
49.5
49.625
49.75
49.875
50.0
50.125
50.25
50.375
50.5
50.625
50.75
50.875
51.0
51.125
51.25
51.375
51.5
51.625
51.75
51.875
52.0
52.125
52.25
52.375
52.5
52.625
52.75
52.875
53.0
53.125
53.25
53.375
53.5
53.625
53.75
53.875
54.0
54.125
54.25
54.375
54.5
54.625
54.75
54.875
55.0
55.125
55.25
55.375
55.5
55.625
55.75
55.875
56.0
56.125
56.25
56.375
56.5
56.625
56.75
56.875
57.0
57.125
57.25
57.375
57.5
57.625
57.75
57.875
58.0
58.125
58.25
58.375
58.5
58.625
58.75
58.875
59.0
59.125
59.25
59.375
59.5
59.625
59.75
59.875
60.0
60.125
60.25
60.375
60.5
60.625
60.75
60.875
61.0
61.125
61.25
61.375
61.5
61.625
61.75
61.875
62.0
62.125
62.25
62.375
62.5
62.625
62.75
62.875
63.0
63.125
63.25
63.375
63.5
63.625
63.75
63.875
64.0
64.125
64.25
64.375
64.5
64.625
64.75
64.875
65.0
65.125
65.25
65.375
65.5
65.625
65.75
65.875
66.0
66.125
66.25
66.375
66.5
66.625
66.75
66.875
67.0
67.125
67.25
67.375
67.5
67.625
67.75
67.875
68.0
68.125
68.25
68.375
68.5
68.625
68.75
68.875
69.0
69.125
69.25
69.375
69.5
69.625
69.75
69.875
70.0
70.125
70.25
70.375
70.5
70.625
70.75
70.875
71.0
71.125
71.25
71.375
71.5
71.625
71.75
71.875
72.0
72.125
72.25
72.375
72.5
72.625
72.75
72.875
73.0
73.125
73.25
73.375
73.5
73.625
73.75
73.875
74.0
74.125
74.25
74.375
74.5
74.625
74.75
74.875
75.0
75.125
75.25
75.375
75.5
75.625
75.75
75.875
76.0
76.125
76.25
76.375
76.5
76.625
76.75
76.875
77.0
77.125
77.25
77.375
77.5
77.625
77.75
77.875
78.0
78.125
78.25
78.375
78.5
78.625
78.75
78.875
79.0
79.125
79.25
79.375
79.5
79.625
79.75
79.875
80.0
80.125
80.25
80.375
80.5
80.625
80.75
80.875
81.0
81.125
81.25
81.375
81.5
81.625
81.75
81.875
82.0
82.125
82.25
82.375
82.5
82.625
82.75
82.875
83.0
83.125
83.25
83.375
83.5
83.625
83.75
83.875
84.0
84.125
84.25
84.375
84.5
84.625
84.75
84.875
85.0
85.125
85.25
85.375
85.5
85.625
85.75
85.875
86.0
86.125
86.25
86.375
86.5
86.625
86.75
86.875
87.0
87.125
87.25
87.375
87.5
87.625
87.75
87.875
88.0
88.125
88.25
88.375
88.5
88.625
88.75
88.875
89.0
89.125
89.25
89.375
89.5
89.625
89.75
89.875
90.0
90.125
90.25
90.375
90.5
90.625
90.75
90.875
91.0
91.125
91.25
91.375
91.5
91.625
91.75
91.875
92.0
92.125
92.25
92.375
92.5
92.625
92.75
92.875
93.0
93.125
93.25
93.375
93.5
93.625
93.75
93.875
94.0
94.125
94.25
94.375
94.5
94.625
94.75
94.875
95.0
95.125
95.25
95.375
95.5
95.625
95.75
95.875
96.0
96.125
96.25
96.375
96.5
96.625
96.75
96.875
97.0
97.125
97.25
97.375
97.5
97.625
97.75
97.875
98.0
98.125
98.25
98.375
98.5
98.625
98.75
98.875
99.0
99.125
99.25
99.375
99.5
99.625
99.75
99.875
100.0
100.125
100.25
100.375
100.5
100.625
100.75
100.875
101.0
101.125
101.25
101.375
101.5
101.625
101.75
101.875
102.0
102.125
102.25
102.375
102.5
102.625
102.75
102.875
103.0
103.125
103.25
103.375
103.5
103.625
103.75
103.875
104.0
104.125
104.25
104.375
104.5
104.625
104.75
104.875
105.0
105.125
105.25
105.375
105.5
105.625
105.75
105.875
106.0
106.125
106.25
106.375
106.5
106.625
106.75
106.875
107.0
107.125
107.25
107.375
107.5
107.625
107.75
107.875
108.0
108.125
108.25
108.375
108.5
108.625
108.75
108.875
109.0
109.125
109.25
109.375
109.5
109.625
109.75
109.875
110.0
110.125
110.25
110.375
110.5
110.625
110.75
110.875
111.0
111.125
111.25
111.375
111.5
111.625
111.75
111.875
112.0
112.125
112.25
112.375
112.5
112.625
112.75
112.875
113.0
113.125
113.25
113.375
113.5
113.625
113.75
113.875
114.0
114.125
114.25
114.375
114.5
114.625
114.75
114.875
115.0
115.125
115.25
115.375
115.5
115.625
115.75
115.875
116.0
116.125
116.25
116.375
116.5
116.625
116.75
116.875
117.0
117.125
117.25
117.375
117.5
117.625
117.75
117.875
118.0
118.125
118.25
118.375
118.5
118.625
118.75
118.875
119.0
119.125
119.25
119.375
119.5
119.625
119.75
119.875
120.0
120.125
120.25
120.375
120.5
120.625
120.75
120.875
121.0
121.125
121.25
121.375
121.5
121.625
121.75
121.875
122.0
122.125
122.25
122.375
122.5
122.625
122.75
122.875
123.0
123.125
123.25
123.375
123.5
123.625
123.75
123.875
124.0
124.125
124.25
124.375
124.5
124.625
124.75
124.875
125.0
125.125
125.25
125.375
125.5
125.625
125.75
125.875
126.0
126.125
126.25
126.375
126.5
126.625
126.75
126.875
127.0
127.125
127.25
127.375
127.5
127.625
127.75
127.875
128.0
128.125
128.25
128.375
128.5
128.625
128.75
128.875
129.0
129.125
129.25
129.375
129.5
129.625
129.75
129.875
130.0
130.125
130.25
130.375
130.5
130.625
130.75
130.875
131.0
131.125
131.25
131.375
131.5
131.625
131.75
131.875
132.0
132.125
132.25
132.375
132.5
132.625
132.75
132.875
133.0
133.125
133.25
133.375
133.5
133.625
133.75
133.875
134.0
134.125
134.25
134.375
134.5
134.625
134.75
134.875
135.0
135.125
135.25
135.375
135.5
135.625
135.75
135.875
136.0
136.125
136.25
136.375
136.5
136.625
136.75
136.875
137.0
137.125
137.25
137.375
137.5
137.625
137.75
137.875
138.0
138.125
138.25
138.375
138.5
138.625
138.75
138.875
139.0
139.125
139.25
139.375
139.5
139.625
139.75
139.875
140.0
140.125
140.25
140.375
140.5
140.625
140.75
140.875
141.0
141.125
141.25
141.375
141.5
141.625
141.75
141.875
142.0
142.125
142.25
142.375
142.5
142.625
142.75
142.875
143.0
143.125
143.25
143.375
143.5
143.625
143.75
143.875
144.0
144.125
144.25
144.375
144.5
144.625
144.75
144.875
145.0
145.125
145.25
145.375
145.5
145.625
145.75
145.875
146.0
146.125
146.25
146.375
146.5
146.625
146.75
146.875
147.0
147.125
147.25
147.375
147.5
147.625
147.75
147.875
148.0
148.125
148.25
148.375
148.5
148.625
148.75
148.875
149.0
149.125
149.25
149.375
149.5
149.625
149.75
149.875
150.0
150.125
150.25
150.375
150.5
150.625
150.75
150.875
151.0
151.125
151.25
151.375
151.5
151.625
151.75
151.875
152.0
152.125
152.25
152.375
152.5
152.625
152.75
152.875
153.0
153.125
153.25
153.375
153.5
153.625
153.75
153.875
154.0
154.125
154.25
154.375
154.5
154.625
154.75
154.875
155.0
155.125
155.25
155.375
155.5
155.625
155.75
155.875
156.0
156.125
156.25
156.375
156.5
156.625
156.75
156.875
157.0
157.125
157.25
157.375
157.5
157.625
157.75
157.875
158.0
158.125
158.25
158.375
158.5
158.625
158.75
158.875
159.0
159.125
159.25
159.375
159.5
159.625
159.75
159.875
160.0
160.125
160.25
160.375
160.5
160.625
160.75
160.875
161.0
161.125
161.25
161.375
161.5
161.625
161.75
161.875
162.0
162.125
162.25
162.375
162.5
162.625
162.75
162.875
163.0
163.125
163.25
163.375
163.5
163.625
163.75
163.875
164.0
164.125
164.25
164.375
164.5
164.625
164.75
164.875
165.0
165.125
165.25
165.375
165.5
165.625
165.75
165.875
166.0
166.125
166.25
166.375
166.5
166.625
166.75
166.875
167.0
167.125
167.25
167.375
167.5
167.625
167.75
167.875
168.0
168.125
168.25
168.375
168.5
168.625
168.75
168.875
169.0
169.125
169.25
169.375
169.5
169.625
169.75
169.875
170.0
170.125
170.25
170.375
170.5
170.625
170.75
170.875
171.0
171.125
171.25
171.375
171.5
171.625
171.75
171.875
172.0
172.125
172.25
172.375
172.5
172.625
172.75
172.875
173.0
173.125
173.25
173.375
173.5
173.625
173.75
173.875
174.0
174.125
174.25
174.375
174.5
174.625
174.75
174.875
175.0
175.125
175.25
175.375
175.5
175.625
175.75
175.875
176.0
176.125
176.25
176.375
176.5
176.625
176.75
176.875
177.0
177.125
177.25
177.375
177.5
177.625
177.75
177.875
178.0
178.125
178.25
178.375
178.5
178.625
178.75
178.875
179.0
179.125
179.25
179.375
179.5
179.625
179.75
179.875
180.0
180.125
180.25
180.375
180.5
180.625
180.75
180.875
181.0
181.125
181.25
181.375
181.5
181.625
181.75
181.875
182.0
182.125
182.25
182.375
182.5
182.625
182.75
182.875
183.0
183.125
183.25
183.375
183.5
183.625
183.75
183.875
184.0
184.125
184.25
184.375
184.5
184.625
184.75
184.875
185.0
185.125
185.25
185.375
185.5
185.625
185.75
185.875
186.0
186.125
186.25
186.375
186.5
186.625
186.75
186.875
187.0
187.125
187.25
187.375
187.5
187.625
187.75
187.875
188.0
188.125
188.25
188.375
188.5
188.625
188.75
188.875
189.0
189.125
189.25
189.375
189.5
189.625
189.75
189.875
190.0
190.125
190.25
190.375
190.5
190.625
190.75
190.875
191.0
191.125
191.25
191.375
191.5
191.625
191.75
191.875
192.0
192.125
192.25
192.375
192.5
192.625
192.75
192.875
193.0
193.125
193.25
193.375
193.5
193.625
193.75
193.875
194.0
194.125
194.25
194.375
194.5
194.625
194.75
194.875
195.0
195.125
195.25
195.375
195.5
195.625
195.75
195.875
196.0
196.125
196.25
196.375
196.5
196.625
196.75
196.875
197.0
197.125
197.25
197.375
197.5
197.625
197.75
197.875
198.0
198.125
198.25
198.375
198.5
198.625
198.75
198.875
199.0
199.125
199.25
199.375
199.5
199.625
199.75
199.875
200.0
200.125
200.25
200.375
200.5
200.625
200.75
200.875
201.0
201.125
201.25
201.375
201.5
201.625
201.75
201.875
202.0
202.125
202.25
202.375
202.5
202.625
202.75
202.875
203.0
203.125
203.25
203.375
203.5
203.625
203.75
203.875
204.0
204.125
204.25
204.375
204.5
204.625
204.75
204.875
205.0
205.125
205.25
205.375
205.5
205.625
205.75
205.875
206.0
206.125
206.25
206.375
206.5
206.625
206.75
206.875
207.0
207.125
207.25
207.375
207.5
207.625
207.75
207.875
208.0
208.125
208.25
208.375
208.5
208.625
208.75
208.875
209.0
209.125
209.25
209.375
209.5
209.625
209.75
209.875
210.0
210.125
210.25
210.375
210.5
210.625
210.75
210.875
211.0
211.125
211.25
211.375
211.5
211.625
211.75
211.875
212.0
212.125
212.25
212.375
212.5
212.625
212.75
212.875
213.0
213.125
213.25
213.375
213.5
213.625
213.75
213.875
214.0
214.125
214.25
214.375
214.5
214.625
214.75
214.875
215.0
215.125
215.25
215.375
215.5
215.625
215.75
215.875
216.0
216.125
216.25
216.375
216.5
216.625
216.75
216.875
217.0
217.125
217.25
217.375
217.5
217.625
217.75
217.875
218.0
218.125
218.25
218.375
218.5
218.625
218.75
218.875
219.0
219.125
219.25
219.375
219.5
219.625
219.75
219.875
220.0
220.125
220.25
220.375
220.5
220.625
220.75
220.875
221.0
221.125
221.25
221.375
221.5
221.625
221.75
221.875
222.0
222.125
222.25
222.375
222.5
222.625
222.75
222.875
223.0
223.125
223.25
223.375
223.5
223.625
223.75
223.875
224.0
224.125
224.25
224.375
224.5
224.625
224.75
224.875
225.0
225.125
225.25
225.375
225.5
225.625
225.75
225.875
226.0
226.125
226.25
226.375
226.5
226.625
226.75
226.875
227.0
227.125
227.25
227.375
227.5
227.625
227.75
227.875
228.0
228.125
228.25
228.375
228.5
228.625
228.75
228.875
229.0
229.125
229.25
229.375
229.5
229.625
229.75
229.875
230.0
230.125
230.25
230.375
230.5
230.625
230.75
230.875
231.0
231.125
231.25
231.375
231.5
231.625
231.75
231.875
232.0
232.125
232.25
232.375
232.5
232.625
232.75
232.875
233.0
233.125
233.25
233.375
233.5
233.625
233.75
233.875
234.0
234.125
234.25
234.375
234.5
234.625
234.75
234.875
235.0
235.125
235.25
235.375
235.5
235.625
235.75
235.875
236.0
236.125
236.25
236.375
236.5
236.625
236.75
236.875
237.0
237.125
237.25
237.375
237.5
237.625
237.75
237.875
238.0
238.125
238.25
238.375
238.5
238.625
238.75
238.875
239.0
239.125
239.25
239.375
239.5
239.625
239.75
239.875
240.0
240.125
240.25
240.375
240.5
240.625
240.75
240.875
241.0
241.125
241.25
241.375
241.5
241.625
241.75
241.875
242.0
242.125
242.25
242.375
242.5
242.625
242.75
242.875
243.0
243.125
243.25
243.375
243.5
243.625
243.75
243.875
244.0
244.125
244.25
244.375
244.5
244.625
244.75
244.875
245.0
245.125
245.25
245.375
245.5
245.625
245.75
245.875
246.0
246.125
246.25
246.375
246.5
246.625
246.75
246.875
247.0
247.125
247.25
247.375
247.5
247.625
247.75
247.875
248.0
248.125
248.25
248.375
248.5
248.625
248.75
248.875
249.0
249.125
249.25
249.375
249.5
249.625
249.75
249.875
250.0
250.125
250.25
250.375
250.5
250.625
250.75
250.875
251.0
251.125
251.25
251.375
251.5
251.625
251.75
251.875
252.0
252.125
252.25
252.375
252.5
252.625
252.75
252.875
253.0
253.125
253.25
253.375
253.5
253.625
253.75
253.875
254.0
254.125
254.25
254.375
254.5
254.625
254.75
254.875
255.0
255.125
255.25
255.375
255.5
255.625
255.75
255.875
256.0
256.125
256.25
256.375
256.5
256.625
256.75
256.875
257.0
257.125
257.25
257.375
257.5
257.625
257.75
257.875
258.0
258.125
258.25
258.375
258.5
258.625
258.75
258.875
259.0
259.125
259.25
259.375
259.5
259.625
259.75
259.875
260.0
260.125
260.25
260.375
260.5
260.625
260.75
260.875
261.0
261.125
261.25
261.375
261.5
261.625
261.75
261.875
262.0
262.125
262.25
262.375
262.5
262.625
262.75
262.875
263.0
263.125
263.25
263.375
263.5
263.625
263.75
263.875
264.0
264.125
264.25
264.375
264.5
264.625
264.75
264.875
265.0
265.125
265.25
265.375
265.5
265.625
265.75
265.875
266.0
266.125
266.25
266.375
266.5
266.625
266.75
266.875
267.0
267.125
267.25
267.375
267.5
267.625
267.75
267.875
268.0
268.125
268.25
268.375
268.5
268.625
268.75
268.875
269.0
269.125
269.25
269.375
269.5
269.625
269.75
269.875
270.0
270.125
270.25
270.375
270.5
270.625
270.75
270.875
271.0
271.125
271.25
271.375
271.5
271.625
271.75
271.875
272.0
272.125
272.25
272.375
272.5
272.625
272.75
272.875
273.0
273.125
273.25
273.375
273.5
273.625
273.75
273.875
274.0
274.125
274.25
274.375
274.5
274.625
274.75
274.875
275.0
275.125
275.25
275.375
275.5
275.625
275.75
275.875
276.0
276.125
276.25
276.375
276.5
276.625
276.75
276.875
277.0
277.125
277.25
277.375
277.5
277.625
277.75
277.875
278.0
278.125
278.25
278.375
278.5
278.625
278.75
278.875
279.0
279.125
279.25
279.375
279.5
279.625
279.75
279.875
280.0
280.125
280.25
280.375
280.5
280.625
280.75
280.875
281.0
281.125
281.25
281.375
281.5
281.625
281.75
281.875
282.0
282.125
282.25
282.375
282.5
282.625
282.75
282.875
283.0
283.125
283.25
283.375
283.5
283.625
283.75
283.875
284.0
284.125
284.25
284.375
284.5
284.625
284.75
284.875
285.0
285.125
285.25
285.375
285.5
285.625
285.75
285.875
286.0
286.125
286.25
286.375
286.5
286.625
286.75
286.875
287.0
287.125
287.25
287.375
287.5
287.625
287.75
287.875
288.0
288.125
288.25
288.375
288.5
288.625
288.75
288.875
289.0
289.125
289.25
289.375
289.5
289.625
289.75
289.875
290.0
290.125
290.25
290.375
290.5
290.625
290.75
290.875
291.0
291.125
291.25
291.375
291.5
291.625
291.75
291.875
292.0
292.125
292.25
292.375
292.5
292.625
292.75
292.875
293.0
293.125
293.25
293.375
293.5
293.625
293.75
293.875
294.0
294.125
294.25
294.375
294.5
294.625
294.75
294.875
295.0
295.125
295.25
295.375
295.5
295.625
295.75
295.875
296.0
296.125
296.25
296.375
296.5
296.625
296.75
296.875
297.0
297.125
297.25
297.375
297.5
297.625
297.75
297.875
298.0
298.125
298.25
298.375
298.5
298.625
298.75
298.875
299.0
299.125
299.25
299.375
299.5
299.625
299.75
299.875
300.0
300.125
300.25
300.375
300.5
300.625
300.75
300.875
301.0
301.125
301.25
301.375
301.5
301.625
301.75
301.875
302.0
302.125
302.25
302.375
302.5
302.625
302.75
302.875
303.0
303.125
303.25
303.375
303.5
303.625
303.75
303.875
304.0
304.125
304.25
304.375
304.5
304.625
304.75
304.875
305.0
305.125
305.25
305.375
305.5
305.625
305.75
305.875
306.0
306.125
306.25
306.375
306.5
306.625
306.75
306.875
307.0
307.125
307.25
307.375
307.5
307.625
307.75
307.875
308.0
308.125
308.25
308.375
308.5
308.625
308.75
308.875
309.0
309.125
309.25
309.375
309.5
309.625
309.75
309.875
310.0
310.125
310.25
310.375
310.5
310.625
310.75
310.875
311.0
311.125
311.25
311.375
311.5
311.625
311.75
311.875
312.0
312.125
312.25
312.375
312.5
312.625
312.75
312.875
313.0
313.125
313.25
313.375
313.5
313.625
313.75
313.875
314.0
314.125
314.25
314.375
314.5
314.625
314.75
314.875
315.0
315.125
315.25
315.375
315.5
315.625
315.75
315.875
316.0
316.125
316.25
316.375
316.5
316.625
316.75
316.875
317.0
317.125
317.25
317.375
317.5
317.625
317.75
317.875
318.0
318.125
318.25
318.375
318.5
318.625
318.75
318.875
319.0
319.125
319.25
319.375
319.5
319.625
319.75
319.875
320.0
320.125
320.25
320.375
320.5
320.625
320.75
320.875
321.0
321.125
321.25
321.375
321.5
321.625
321.75
321.875
322.0
322.125
322.25
322.375
322.5
322.625
322.75
322.875
323.0
323.125
323.25
323.375
323.5
323.625
323.75
323.875
324.0
324.125
324.25
324.375
324.5
324.625
324.75
324.875
325.0
325.125
325.25
325.375
325.5
325.625
325.75
325.875
326.0
326.125
326.25
326.375
326.5
326.625
326.75
326.875
327.0
327.125
327.25
327.375
327.5
327.625
327.75
327.875
328.0
328.125
328.25
328.375
328.5
328.625
328.75
328.875
329.0
329.125
329.25
329.375
329.5
329.625
329.75
329.875
330.0
330.125
330.25
330.375
330.5
330.625
330.75
330.875
331.0
331.125
331.25
331.375
331.5
331.625
331.75
331.875
332.0
332.125
332.25
332.375
332.5
332.625
332.75
332.875
333.0
333.125
333.25
333.375
333.5
333.625
333.75
333.875
334.0
334.125
334.25
334.375
334.5
334.625
334.75
334.875
335.0
335.125
335.25
335.375
335.5
335.625
335.75
335.875
336.0
336.125
336.25
336.375
336.5
336.625
336.75
336.875
337.0
337.125
337.25
337.375
337.5
337.625
337.75
337.875
338.0
338.125
338.25
338.375
338.5
338.625
338.75
338.875
339.0
339.125
339.25
339.375
339.5
339.625
339.75
339.875
340.0
340.125
340.25
340.375
340.5
340.625
340.75
340.875
341.0
341.125
341.25
341.375
341.5
341.625
341.75
341.875
342.0
342.125
342.25
342.375
342.5
342.625
342.75
342.875
343.0
343.125
343.25
343.375
343.5
343.625
343.75
343.875
344.0
344.125
344.25
344.375
344.5
344.625
344.75
344.875
345.0
345.125
345.25
345.375
345.5
345.625
345.75
345.875
346.0
346.125
346.25
346.375
346.5
346.625
346.75
346.875
347.0
347.125
347.25
347.375
347.5
347.625
347.75
347.875
348.0
348.125
348.25
348.375
348.5
348.625
348.75
348.875
349.0
349.125
349.25
349.375
349.5
349.625
349.75
349.875
350.0
350.125
350.25
350.375
350.5
350.625
350.75
350.875
351.0
351.125
351.25
351.375
351.5
351.625
351.75
351.875
352.0
352.125
352.25
352.375
352.5
352.625
352.75
352.875
353.0
353.125
353.25
353.375
353.5
353.625
353.75
353.875
354.0
354.125
354.25
354.375
354.5
354.625
354.75
354.875
355.0
355.125
355.25
355.375
355.5
355.625
355.75
355.875
356.0
356.125
356.25
356.375
356.5
356.625
356.75
356.875
357.0
357.125
357.25
357.375
357.5
357.625
357.75
357.875
358.0
358.125
358.25
358.375
358.5
358.625
358.75
358.875
359.0
359.125
359.25
359.375
359.5
359.625
359.75
359.875
360.0
360.125
360.25
360.375
360.5
360.625
360.75
360.875
361.0
361.125
361.25
361.375
361.5
361.625
361.75
361.875
362.0
362.125
362.25
362.375
362.5
362.625
362.75
362.875
363.0
363.125
363.25
363.375
363.5
363.625
363.75
363.875
364.0
364.125
364.25
364.375
364.5
364.625
364.75
364.875
365.0
365.125
365.25
365.375
365.5
365.625
365.75
365.875
366.0
366.125
366.25
366.375
366.5
366.625
366.75
366.875
367.0
367.125
367.25
367.375
367.5
367.625
367.75
367.875
368.0
368.125
368.25
368.375
368.5
368.625
368.75
368.875
369.0
369.125
369.25
369.375
369.5
369.625
369.75
369.875
370.0
370.125
370.25
370.375
370.5
370.625
370.75
370.875
371.0
371.125
371.25
371.375
371.5
371.625
371.75
371.875
372.0
372.125
372.25
372.375
372.5
372.625
372.75
372.875
373.0
373.125
373.25
373.375
373.5
373.625
373.75
373.875
374.0
374.125
374.25
374.375
374.5
374.625
374.75
374.875
375.0
375.125
375.25
375.375
375.5
375.625
375.75
375.875
376.0
376.125
376.25
376.375
376.5
376.625
376.75
376.875
377.0
377.125
377.25
377.375
377.5
377.625
377.75
377.875
378.0
378.125
378.25
378.375
378.5
378.625
378.75
378.875
379.0
379.125
379.25
379.375
379.5
379.625
379.75
379.875
380.0
380.125
380.25
380.375
380.5
380.625
380.75
380.875
381.0
381.125
381.25
381.375
381.5
381.625
381.75
381.875
382.0
382.125
382.25
382.375
382.5
382.625
382.75
382.875
383.0
383.125
383.25
383.375
383.5
383.625
383.75
383.875
384.0
384.125
384.25
384.375
384.5
384.625
384.75
384.875
385.0
385.125
385.25
385.375
385.5
385.625
385.75
385.875
386.0
386.125
386.25
386.375
386.5
386.625
386.75
386.875
387.0
387.125
387.25
387.375
387.5
387.625
387.75
387.875
388.0
388.125
388.25
388.375
388.5
388.625
388.75
388.875
389.0
389.125
389.25
389.375
389.5
389.625
389.75
389.875
390.0
390.125
390.25
390.375
390.5
390.625
390.75
390.875
391.0
391.125
391.25
391.375
391.5
391.625
391.75
391.875
392.0
392.125
392.25
392.375
392.5
392.625
392.75
392.875
393.0
393.125
393.25
393.375
393.5
393.625
393.75
393.875
394.0
394.125
394.25
394.375
394.5
394.625
394.75
394.875
395.0
395.125
395.25
395.375
395.5
395.625
395.75
395.875
396.0
396.125
396.25
396.375
396.5
396.625
396.75
396.875
397.0
397.125
397.25
397.375
397.5
397.625
397.75
397.875
398.0
398.125
398.25
398.375
398.5
398.625
398.75
398.875
399.0
399.125
399.25
399.375
399.5
399.625
399.75
399.875
400.0
400.125
400.25
400.375
400.5
400.625
400.75
400.875
401.0
401.125
401.25
401.375
401.5
401.625
401.75
401.875
402.0
402.125
402.25
402.375
402.5
402.625
402.75
402.875
403.0
403.125
403.25
403.375
403.5
403.625
403.75
403.875
404.0
404.125
404.25
404.375
404.5
404.625
404.75
404.875
405.0
405.125
405.25
405.375
405.5
405.625
405.75
405.875
406.0
406.125
406.25
406.375
406.5
406.625
406.75
406.875
407.0
407.125
407.25
407.375
407.5
407.625
407.75
407.875
408.0
408.125
408.25
408.375
408.5
408.625
408.75
408.875
409.0
409.125
409.25
409.375
409.5
409.625
409.75
409.875
410.0
410.125
410.25
410.375
410.5
410.625
410.75
410.875
411.0
411.125
411.25
411.375
411.5
411.625
411.75
411.875
412.0
412.125
412.25
412.375
412.5
412.625
412.75
412.875
413.0
413.125
413.25
413.375
413.5
413.625
413.75
413.875
414.0
414.125
414.25
414.375
414.5
414.625
414.75
414.875
415.0
415.125
415.25
415.375
415.5
415.625
415.75
415.875
416.0
416.125
416.25
416.375
416.5
416.625
416.75
416.875
417.0
417.125
417.25
417.375
417.5
417.625
417.75
417.875
418.0
418.125
418.25
418.375
418.5
418.625
418.75
418.875
419.0
419.125
419.25
419.375
419.5
419.625
419.75
419.875
420.0
420.125
420.25
420.375
420.5
420.625
420.75
420.875
421.0
421.125
421.25
421.375
421.5
421.625
421.75
421.875
422.0
422.125
422.25
422.375
422.5
422.625
422.75
422.875
423.0
423.125
423.25
423.375
423.5
423.625
423.75
423.875
424.0
424.125
424.25
424.375
424.5
424.625
424.75
424.875
425.0
425.125
425.25
425.375
425.5
425.625
425.75
425.875
426.0
426.125
426.25
426.375
426.5
426.625
426.75
426.875
427.0
427.125
427.25
427.375
427.5
427.625
427.75
427.875
428.0
428.125
428.25
428.375
428.5
428.625
428.75
428.875
429.0
429.125
429.25
429.375
429.5
429.625
429.75
429.875
430.0
430.125
430.25
430.375
430.5
430.625
430.75
430.875
431.0
431.125
431.25
431.375
431.5
431.625
431.75
431.875
432.0
432.125
432.25
432.375
432.5
432.625
432.75
432.875
433.0
433.125
433.25
433.375
433.5
433.625
433.75
433.875
434.0
434.125
434.25
434.375
434.5
434.625
434.75
434.875
435.0
435.125
435.25
435.375
435.5
435.625
435.75
435.875
436.0
436.125
436.25
436.375
436.5
436.625
436.75
436.875
437.0
437.125
437.25
437.375
437.5
437.625
437.75
437.875
438.0
438.125
438.25
438.375
438.5
438.625
438.75
438.875
439.0
439.125
439.25
439.375
439.5
439.625
439.75
439.875
440.0
440.125
440.25
440.375
440.5
440.625
440.75
440.875
441.0
441.125
441.25
441.375
441.5
441.625
441.75
441.875
442.0
442.125
442.25
442.375
442.5
442.625
442.75
442.875
443.0
443.125
443.25
443.375
443.5
443.625
443.75
443.875
444.0
444.125
444.25
444.375
444.5
444.625
444.75
444.875
445.0
445.125
445.25
445.375
445.5
445.625
445.75
445.875
446.0
446.125
446.25
446.375
446.5
446.625
446.75
446.875
447.0
447.125
447.25
447.375
447.5
447.625
447.75
447.875
448.0
448.125
448.25
448.375
448.5
448.625
448.75
448.875
449.0
449.125
449.25
449.375
449.5
449.625
449.75
449.875
450.0
450.125
450.25
450.375
450.5
450.625
450.75
450.875
451.0
451.125
451.25
451.375
451.5
451.625
451.75
451.875
452.0
452.125
452.25
452.375
452.5
452.625
452.75
452.875
453.0
453.125
453.25
453.375
453.5
453.625
453.75
453.875
454.0
454.125
454.25
454.375
454.5
454.625
454.75
454.875
455.0
455.125
455.25
455.375
455.5
455.625
455.75
455.875
456.0
456.125
456.25
456.375
456.5
456.625
456.75
456.875
457.0
457.125
457.25
457.375
457.5
457.625
457.75
457.875
458.0
458.125
458.25
458.375
458.5
458.625
458.75
458.875
459.0
459.125
459.25
459.375
459.5
459.625
459.75
459.875
460.0
460.125
460.25
460.375
460.5
460.625
460.75
460.875
461.0
461.125
461.25
461.375
461.5
461.625
461.75
461.875
462.0
462.125
462.25
462.375
462.5
462.625
462.75
462.875
463.0
463.125
463.25
463.375
463.5
463.625
463.75
463.875
464.0
464.125
464.25
464.375
464.5
464.625
464.75
464.875
465.0
465.125
465.25
465.375
465.5
465.625
465.75
465.875
466.0
466.125
466.25
466.375
466.5
466.625
466.75
466.875
467.0
467.125
467.25
467.375
467.5
467.625
467.75
467.875
468.0
468.125
468.25
468.375
468.5
468.625
468.75
468.875
469.0
469.125
469.25
469.375
469.5
469.625
469.75
469.875
470.0
470.125
470.25
470.375
470.5
470.625
470.75
470.875
471.0
471.125
471.25
471.375
471.5
471.625
471.75
471.875
472.0
472.125
472.25
472.375
472.5
472.625
472.75
472.875
473.0
473.125
473.25
473.375
473.5
473.625
473.75
473.875
474.0
474.125
474.25
474.375
474.5
474.625
474.75
474.875
475.0
475.125
475.25
475.375
475.5
475.625
475.75
475.875
476.0
476.125
476.25
476.375
476.5
476.625
476.75
476.875
477.0
477.125
477.25
477.375
477.5
477.625
477.75
477.875
478.0
478.125
478.25
478.375
478.5
478.625
478.75
478.875
479.0
479.125
479.25
479.375
479.5
479.625
479.75
479.875
480.0
480.125
480.25
480.375
480.5
480.625
480.75
480.875
481.0
481.125
481.25
481.375
481.5
481.625
481.75
481.875
482.0
482.125
482.25
482.375
482.5
482.625
482.75
482.875
483.0
483.125
483.25
483.375
483.5
483.625
483.75
483.875
484.0
484.125
484.25
484.375
484.5
484.625
484.75
484.875
485.0
485.125
485.25
485.375
485.5
485.625
485.75
485.875
486.0
486.125
486.25
486.375
486.5
486.625
486.75
486.875
487.0
487.125
487.25
487.375
487.5
487.625
487.75
487.875
488.0
488.125
488.25
488.375
488.5
488.625
488.75
488.875
489.0
489.125
489.25
489.375
489.5
489.625
489.75
489.875
490.0
490.125
490.25
490.375
490.5
490.625
490.75
490.875
491.0
491.125
491.25
491.375
491.5
491.625
491.75
491.875
492.0
492.125
492.25
492.375
492.5
492.625
492.75
492.875
493.0
493.125
493.25
493.375
493.5
493.625
493.75
493.875
494.0
494.125
494.25
494.375
494.5
494.625
494.75
494.875
495.0
495.125
495.25
495.375
495.5
495.625
495.75
495.875
496.0
496.125
496.25
496.375
496.5
496.625
496.75
496.875
497.0
497.125
497.25
497.375
497.5
497.625
497.75
497.875
498.0
498.125
498.25
498.375
498.5
498.625
498.75
498.875
499.0
499.125
499.25
499.375
499.5
499.625
499.75
499.875
