0.009555785123966942
0.007618801652892562
0.02259814049586777
0.04196797520661157
0.056430785123966945
0.08380681818181818
0.10420971074380166
0.11363636363636363
0.1131198347107438
0.1131198347107438
0.10524276859504132
0.09852789256198347
0.08574380165289257
0.06805268595041322
0.05410640495867768
0.04300103305785124
0.042355371900826444
0.041580578512396695
0.04054752066115702
0.039514462809917356
0.046875
0.04506714876033058
0.04338842975206612
0.04183884297520661
0.04868285123966942
0.04648760330578512
0.044550619834710745
0.04261363636363636
0.04106404958677686
0.03254132231404959
0.025697314049586778
0.02027376033057851
0.016012396694214875
0.01265495867768595
0.009943181818181818
0.007877066115702479
0.006198347107438017
0.013171487603305785
0.034865702479338845
0.05927169421487603
0.07760847107438017
0.09129648760330579
0.08729338842975207
0.09194214876033058
0.0893595041322314
0.08651859504132231
0.08380681818181818
0.08948863636363637
0.0862603305785124
0.07618801652892562
0.06792355371900827
0.06120867768595041
0.04855371900826446
0.038610537190082644
0.030604338842975205
0.02427685950413223
0.01924070247933884
0.015237603305785124
0.012009297520661157
0.009426652892561983
0.0074896694214876035
0.00581095041322314
0.004519628099173553
0.0034865702479338844
0.0027117768595041323
0.002066115702479339
0.017949380165289255
0.029958677685950414
0.055526859504132234
0.07463842975206611
0.08897210743801653
0.0856146694214876
0.07528409090909091
0.05991735537190083
0.04764979338842975
0.04610020661157025
0.044550619834710745
0.051265495867768594
0.05604338842975207
0.06766528925619834
0.07735020661157024
0.10072314049586777
0.11079545454545454
0.11079545454545454
0.11014979338842976
0.10201446280991736
0.08948863636363637
0.07902892561983471
0.07024793388429752
0.06314566115702479
0.05746384297520661
0.04558367768595041
0.03615702479338843
0.028667355371900828
0.02259814049586777
0.017820247933884297
0.014075413223140496
0.011105371900826446
0.00878099173553719
0.00684400826446281
0.0052944214876033055
0.004132231404958678
0.003228305785123967
0.002453512396694215
0.0018078512396694215
0.0012913223140495868
0.009168388429752067
0.015108471074380165
0.01962809917355372
0.022856404958677686
0.0253099173553719
0.03667355371900827
0.05320247933884298
0.06547004132231404
0.0743801652892562
0.08096590909090909
0.07166838842975207
0.06534090909090909
0.05991735537190083
0.06340392561983471
0.07399276859504132
0.08161157024793389
0.08806818181818182
0.09258780991735537
0.09672004132231404
0.10046487603305786
0.10266012396694214
0.09659090909090909
0.09142561983471074
0.07993285123966942
0.07179752066115702
0.06495351239669421
0.05914256198347107
0.054364669421487606
0.05036157024793388
0.039901859504132234
0.03163739669421488
0.025051652892561983
0.019886363636363636
0.015625
0.012267561983471075
0.009684917355371902
0.007618801652892562
0.005940082644628099
0.0046487603305785125
0.003615702479338843
0.0027117768595041323
0.010330578512396695
0.02427685950413223
0.03473657024793388
0.042484504132231406
0.048424586776859506
0.04571280991735537
0.044550619834710745
0.043259297520661155
0.04196797520661157
0.040805785123966945
0.03964359504132232
0.03977272727272727
0.039514462809917356
0.03899793388429752
0.05488119834710744
0.06663223140495868
0.07644628099173553
0.09181301652892562
0.10291838842975207
0.10395144628099173
0.09736570247933884
0.08471074380165289
0.06727789256198347
0.053460743801652895
0.042484504132231406
0.03370351239669422
0.026730371900826447
0.021177685950413222
0.01665805785123967
0.013171487603305785
0.010330578512396695
0.008135330578512397
0.006456611570247934
0.005036157024793388
0.0038739669421487604
0.0029700413223140497
0.0023243801652892563
0.018336776859504134
0.03021694214876033
0.03912706611570248
0.045841942148760334
0.050878099173553716
0.04041838842975207
0.03215392561983471
0.025439049586776858
0.028409090909090908
0.030475206611570247
0.031895661157024795
0.032670454545454544
0.025955578512396695
0.02066115702479339
0.02466425619834711
0.04403409090909091
0.05836776859504132
0.06895661157024793
0.08522727272727272
0.09013429752066116
0.08755165289256199
0.09323347107438017
0.09672004132231404
0.09194214876033058
0.08768078512396695
0.07696280991735537
0.06818181818181818
0.054235537190082644
0.04300103305785124
0.03409090909090909
0.027117768595041322
0.021435950413223142
0.017045454545454544
0.013429752066115703
0.010588842975206611
0.008393595041322314
0.006585743801652892
0.005036157024793388
0.004003099173553719
0.0030991735537190084
0.0023243801652892563
0.0018078512396694215
0.0012913223140495868
0.0009039256198347108
0.017174586776859502
0.02931301652892562
0.04674586776859504
0.059788223140495866
0.06960227272727272
0.06275826446280992
0.057205578512396695
0.06198347107438017
0.06508264462809918
0.06701962809917356
0.07631714876033058
0.08303202479338843
0.0737345041322314
0.06598657024793389
0.06792355371900827
0.061854338842975205
0.06508264462809918
0.06701962809917356
0.06805268595041322
0.06159607438016529
0.04894111570247934
0.03886880165289256
0.030862603305785125
0.02440599173553719
0.019369834710743803
0.015237603305785124
0.02027376033057851
0.024018595041322314
0.02660123966942149
0.028409090909090908
0.029700413223140498
0.030604338842975205
0.02427685950413223
0.01924070247933884
0.015237603305785124
0.012009297520661157
0.009426652892561983
0.0074896694214876035
0.014075413223140496
0.02724690082644628
0.0371900826446281
0.044550619834710745
0.049974173553719005
0.046875
0.037319214876033055
0.03796487603305785
0.04635847107438017
0.06882747933884298
0.08548553719008264
0.09775309917355372
0.09258780991735537
0.08806818181818182
0.07011880165289257
0.0721849173553719
0.08148243801652892
0.0878099173553719
0.0922004132231405
0.09517045454545454
0.08290289256198347
0.06598657024793389
0.06069214876033058
0.055914256198347105
0.052040289256198344
0.04868285123966942
0.045841942148760334
0.036415289256198344
0.028925619834710745
0.022856404958677686
0.018078512396694214
0.014204545454545454
0.01949896694214876
0.02324380165289256
0.025955578512396695
0.028021694214876033
0.04597107438016529
0.052169421487603305
0.0565599173553719
0.059788223140495866
0.06198347107438017
0.049199380165289255
0.03912706611570248
0.031120867768595042
0.02453512396694215
0.01949896694214876
0.015495867768595042
0.012267561983471075
0.009684917355371902
0.015883264462809916
0.02053202479338843
0.023889462809917356
0.02634297520661157
0.02815082644628099
0.02233987603305785
0.01769111570247934
0.02233987603305785
0.02556818181818182
0.027892561983471075
0.029571280991735536
0.030604338842975205
0.02427685950413223
0.02763429752066116
0.029829545454545456
0.03125
0.04041838842975207
0.04726239669421488
0.04519628099173554
0.05165289256198347
0.05617252066115702
0.06882747933884298
0.08613119834710743
0.10705061983471074
0.11544421487603305
0.1212551652892562
0.11105371900826447
0.09555785123966942
0.07605888429752067
0.06043388429752066
0.047908057851239666
0.03809400826446281
0.03021694214876033
0.024018595041322314
0.018982438016528925
0.014979338842975207
0.01175103305785124
0.009297520661157025
0.007360537190082644
0.00581095041322314
0.004519628099173553
0.0034865702479338844
0.0027117768595041323
0.010330578512396695
0.024147727272727272
0.03460743801652893
0.042484504132231406
0.048295454545454544
0.04558367768595041
0.03628615702479339
0.028796487603305786
0.031120867768595042
0.03254132231404959
0.0334452479338843
0.033961776859504134
0.042484504132231406
0.041709710743801656
0.057334710743801656
0.07696280991735537
0.09981921487603305
0.11789772727272728
0.13946280991735538
0.14101239669421486
0.13442665289256198
0.11441115702479339
0.0981404958677686
0.07799586776859505
0.06198347107438017
0.049199380165289255
0.03899793388429752
0.030991735537190084
0.02453512396694215
0.019369834710743803
0.015237603305785124
0.012009297520661157
0.009555785123966942
0.0074896694214876035
0.00581095041322314
0.004519628099173553
0.0034865702479338844
0.0025826446280991736
0.0019369834710743802
0.0014204545454545455
0.0010330578512396695
0.0006456611570247934
0.00038739669421487604
0.00025826446280991736
0.00012913223140495868
0.01652892561983471
0.028925619834710745
0.04648760330578512
0.06792355371900827
0.0922004132231405
0.10459710743801653
0.11324896694214875
0.10511363636363637
0.09826962809917356
0.07825413223140495
0.07050619834710743
0.0721849173553719
0.08109504132231404
0.08742252066115702
0.09168388429752067
0.08755165289256199
0.07683367768595041
0.061079545454545456
0.04855371900826446
0.03848140495867768
0.030604338842975205
0.02427685950413223
0.019111570247933883
0.015108471074380165
0.011880165289256199
0.009297520661157025
0.007231404958677686
0.005681818181818182
0.004390495867768595
0.0033574380165289257
0.0025826446280991736
0.0019369834710743802
0.0014204545454545455
0.0010330578512396695
0.0007747933884297521
0.0005165289256198347
0.00038739669421487604
0.00025826446280991736
0.008393595041322314
0.030991735537190084
0.04803719008264463
0.06082128099173554
0.06314566115702479
0.05746384297520661
0.061079545454545456
0.06482438016528926
0.07528409090909091
0.08277376033057851
0.08806818181818182
0.09297520661157024
0.08910123966942149
0.08664772727272728
0.08419421487603305
0.08174070247933884
0.07231404958677685
0.0646952479338843
0.05152376033057851
0.040805785123966945
0.03241219008264463
0.033961776859504134
0.03473657024793388
0.035253099173553716
0.035253099173553716
0.03512396694214876
0.04442148760330578
0.05100723140495868
0.05565599173553719
0.05901342975206612
0.06133780991735537
0.04868285123966942
0.038610537190082644
0.030733471074380167
0.02427685950413223
0.01924070247933884
0.015108471074380165
0.012009297520661157
0.009426652892561983
0.0074896694214876035
0.00581095041322314
0.012913223140495868
0.02634297520661157
0.036415289256198344
0.052169421487603305
0.06392045454545454
0.06572830578512397
0.05965909090909091
0.05462293388429752
0.050490702479338845
0.048424586776859506
0.04635847107438017
0.04442148760330578
0.04261363636363636
0.04106404958677686
0.032670454545454544
0.025955578512396695
0.02053202479338843
0.02453512396694215
