1.223207958838693
0.07070643710350046
0.6365954667800257
0.41928720391110424
0.14602143223548014
0.03810127248797277
0.7074925594030259
0.1275471755498043
1.0997407708130995
0.03968141935789128
0.08431732874075111
1.1231670932071984
1.692643206716027
0.3554369602096331
0.30075955242941255
1.2795017090903287
1.0156966638823106
0.34054074829759245
1.6842045660977243
0.3583207143370098
0.1172908914030058
0.06687592924013175
0.8168493654627073
0.27604076386645005
0.5732715378469091
2.4958274652121717
0.9366450963835035
0.3908435934110013
2.47041459499379
0.39722847221201435
2.4059451499306714
0.24713032421210204
0.0966920953151331
0.48464077939980243
0.628587203368114
0.6095824706241441
0.11459939694120187
0.45417954141720135
0.6153035015949205
0.5137407131870355
1.2464813508489831
1.2313467023932947
0.010218859886506134
1.242196685749808
0.9550549995372021
0.06385930213117848
0.9257412567823154
1.3082421628513325
0.009465680311706633
0.47695847255400264
0.1783470567328153
0.47920656245825566
0.1462376858215214
0.6020066196083297
0.7812626479613812
0.45027813017286594
0.44858174031875936
0.4044251668568897
0.08423055557295037
0.5126121191654344
0.1916428615137195
0.9909339889243127
1.1528511392181242
0.04729097638957474
1.2458608557830115
0.12661703230012425
0.14396740627461255
0.46383257494901414
0.6882194070940088
1.2674317069889207
0.08045906075391746
0.7685044323064214
0.3192585688931407
0.8136506824352
1.517695351189549
0.03703258632214978
0.5555733357233898
0.22380179529354888
0.32386408971640507
0.7456467613218062
1.1697055585944953
0.20679513606719443
0.3724464402350852
0.04562706092039688
0.0018361775058580259
0.3674641062624048
0.4008642010414077
0.03373622438827509
0.9345662240413984
0.0736612544456818
0.1225039313473806
0.1467675743940044
0.861363601810266
0.08474762654151745
0.3905131000890947
0.15826408881227805
0.4854542255829784
0.1602933300482446
0.03389158598977878
0.4136656929034461
0.6476403881213733
0.027279462884822907
1.1072819473977
0.5313882557854264
0.27298794913657876
0.3036445012390818
0.2982442507412633
0.005511391540917682
0.10380362907679526
0.12601581787863264
0.017204404154810365
1.0887748501443202
0.020491636788316687
0.26052230016363637
0.6583131222389366
0.11740277218041703
0.2379428658003452
0.2620090896115378
1.0034879676114932
0.7967093319373212
0.050952416212716005
0.19987403688749608
1.0568747170754964
0.9598565083719104
0.1493315497535734
0.18448685310460847
0.21185052614480354
0.08695256614024484
0.7940063178947688
0.18999942790729474
0.36077534653704735
0.5212249654611495
0.18292502313443146
0.05970876600157804
0.32992410380076304
0.320204495287564
0.21487510264316986
0.10185407527895413
1.0260266662162838
0.026969939943418973
0.030575324612827994
0.009494255041318083
0.1145825998533092
0.6130858761296569
0.18779899087483543
0.1290777113597113
0.4309510203156299
0.6041973144754319
0.010976393973212673
0.19398349820918895
0.36141490220718053
0.02338059728200241
0.36585005174291974
0.20494876441002408
0.11962409660776284
0.04947277560123245
0.1287247211535351
0.09412251886931394
0.330321887233604
0.025233339498882963
0.12829348108167063
0.08206401041639606
0.7156277164969236
0.8929422165518082
0.21932310685490078
0.35084997847141836
0.009313127891463819
0.529826340671222
0.02476923634832645
0.023575437614571516
0.173411710660456
0.029306475005352068
0.054487739219976176
0.3010269615092797
0.08097739254117668
0.5424788456031041
0.16526960961446502
0.20818583663031057
0.012078588612104806
0.15391252840793002
0.9404441679807058
0.01817522871190714
0.251673463498775
0.3969837130357834
0.07036905471201238
0.07815410413951482
0.0951068607725048
0.006399059646005026
0.9996484695963169
0.9665572231843821
0.10061168349776488
2.8757925152955033
1.6595930213043033
0.40768238732243806
0.524530064057937
0.13727999661217433
0.05372985326285619
0.05129304077569809
0.20900822354656104
0.05782085856311977
0.1420642290434421
0.16449118809930058
0.5154918734692464
0.39874203056022134
0.1939159726040396
0.13260399986600013
0.15729744052996047
0.04007296989339235
0.01988110325532831
0.2248333963256701
0.18691180085652764
0.1682915323595586
0.08931421961474627
0.016074130530499962
0.1921236610742092
0.3083526558304134
0.023594296100793787
0.5837184737803697
0.01960379240452343
0.0602525651852364
0.08059208282479233
0.05440614592080498
0.09314291492296677
0.020442880996448195
0.00997650737803557
0.11857829985451633
0.008829358035303053
0.024277132266458185
0.0631942381532865
0.037351936020552555
0.032137338923873715
0.0007381103710516536
0.10862491948600216
0.006652910828898367
0.008105762224030267
0.20613521063424278
0.007017772131258931
0.01625937345034446
0.11452249969616592
0.044307636493860075
0.031370588034808314
0.013612155277171996
0.059452438565951685
0.06396678861552844
0.03688593501623464
0.0430886853943954
0.027266663177325668
0.010434490405933932
0.07237826118846542
0.009291554235732741
0.026167921422613316
0.057509667296486294
0.002534537314113262
0.012194359262014334
0.0034624398761208177
0.032566292749339684
0.0017867007170165358
0.0006477935485562945
0.007127200563435296
0.052082475632465215
0.018062130130224764
0.015336924980101817
0.02013077291595963
0.07647930637659614
0.003782533878194508
0.019430081821538173
0.01656471025914051
0.0012564614170568358
0.012363084662026819
0.04841603756866749
0.00830924757124662
0.023252995788075284
0.02165347664210104
0.027560938936054595
0.005793845799943668
0.02791797286327545
0.0032480238024375934
0.01535561864743871
0.026417837558298223
0.02420338313180632
0.026086388036161628
0.025043922530432673
0.006741052483155934
0.018856419023201308
0.025038057271531286
0.07806722192835773
0.06966827142371024
0.013723364544606471
1.5961735505507175e-05
0.004025727340214265
0.035476742808503964
0.04532663990858026
0.03474230838174971
0.02102282733707048
0.00234718278852762
0.034880505931159975
0.011768432909201439
0.03804329654462748
0.003976416843573941
0.02006564682872027
0.0076340138340707025
0.006213500286543186
0.06889651939526797
0.10579597123281749
0.0667465336000955
0.01526653856946548
0.03192359013570953
0.0037929613875831544
0.037000246300389485
0.02429057924824115
0.01725302503294598
0.0014220252500336452
0.01573747256993068
0.0018104140485165558
0.0047880060681440035
0.028425248847564113
0.008324852351524787
0.014319339904361504
0.029491665322227755
0.004052204007963526
0.01063638333182987
0.05100587212282242
0.026691185788700045
0.01594350794941733
0.04749666230328187
0.01740289770247351
0.030966526017417183
0.023259827168968912
0.010830861785183398
0.03254547967925623
0.041752891344150084
0.00012756378855904255
0.0075874550290957726
0.0015540465754766341
0.0042293250471661815
0.01952246909153322
0.050609747160135866
0.018937984730120594
0.026664653527509973
0.001365034800773089
8.630777262283642e-05
0.0060399459313687336
0.010267109707422877
0.005703373031393125
0.006028835224906739
0.002523346846530409
0.01245714126085333
0.002512753766398131
0.00604113560634864
0.00037992993134117485
0.03228502845816693
0.008769307487795157
0.0019684999491627673
0.01343781121904629
0.011780400572594532
0.022075193971844785
0.023181398177021747
0.013658447004933145
0.00675566367638156
0.00030269433171074844
0.008063339124306124
0.0072736710542167906
1.7110511257093732e-06
0.0033945924497074246
0.020750585460795872
0.03128279514326697
0.009515095671101965
0.00024582164437032
0.003277836825887452
0.0077990390953283075
0.018591602744993323
0.007317427274764336
0.008256162739969928
0.014470098644827263
0.00337443825247334
0.00835870201369648
0.0077193795339442995
0.00905951929867793
0.01389763803410985
0.0015110556307098059
0.0002939631086484472
0.0037741714487865828
0.0046312302012601675
0.02130083245653587
0.00010325018423115303
0.00010072331507375347
0.010156332207574153
0.0032484997504317577
0.01459318245865035
0.010890223150129663
0.007107329431699291
0.010817549428486244
0.012806295097397606
0.005257960446423504
0.0017921960746770313
0.006001185088993497
0.00676276857918024
0.002738243451797896
0.003631800290084682
0.02197700338600995
0.013053168045452476
0.003935472796332867
0.007288647288196319
0.014346448311996943
0.0034817127268992505
0.0001940995968031419
0.0033199288212209387
0.002140071017734564
0.003650412251687295
0.0004143944728323639
0.004101199449850376
0.002769216637587796
0.0009953799414485261
0.0024744176732798585
0.0018054706829382348
0.0018696369422243966
0.0035252015478758115
0.008035665657844112
0.012353735865690767
0.015868405882253404
0.001496518161602015
0.0007274989259336787
0.002571567813881458
0.0006976640488003826
0.0016252695546562473
0.002453320831304547
0.0006173233371151872
0.007594714258094702
0.004715845596248591
0.002095943206410745
0.0022285638932317085
0.0025828862171196833
0.0017715773731319222
0.0029461716117280944
0.004169473625116858
0.0030386666844871616
0.00017610203570435655
0.0010079392830137756
0.0008210507267133226
0.00386799583998399
0.0008718426954482628
0.004253015846185892
0.0025581411891635285
3.0460587878450198e-05
0.010242074555225578
0.0033445190796889085
0.006098744986777521
0.004044236063289771
3.374374006530965e-05
0.0056808734922606545
0.0028046015556803055
0.005546815114593842
0.005504542464903373
0.016238879768802096
0.000939277275233216
0.004081619561130646
0.0019493568065702266
0.0010662997179118681
0.0032156220303898265
0.0014416540336758589
0.0011327854424911827
0.0010411132897259069
0.015126531498864565
0.00045401285433953407
0.0019029251271606372
0.0066111975919931525
0.0026034409507695927
0.007641502325108112
0.0041788393001829975
0.0014560546593535104
0.0008967281688308827
4.205071504816217e-06
0.004161530114544813
0.005839936731698455
0.011942588475129643
0.013834634393524661
0.006918301814483367
0.002860243294164735
0.010012083892935345
0.00248898946805922
0.013236010616992144
0.0034387114331526705
0.0005167527137158863
0.004874480543641299
0.0017661465416063838
0.0037289097729423046
0.003332501558487228
0.005529756618726982
0.007440483482589362
0.0008478526821325016
6.338404289556771e-05
0.003490847936329137
6.037501477709809e-05
0.006285788767160631
0.015089715440757275
0.0019546945843393563
0.004609992940713634
0.002855891898469688
0.0003996185564603688
0.004079385686214515
0.0005281525491908939
8.095625415225868e-05
0.009123185452923987
0.00439751268960783
0.0024220380934860293
0.0019911519906886527
0.006476774525087086
3.13767942671428e-05
0.000974893740450506
0.002389990261278632
0.003238361639987339
0.00045276346566601564
0.0030701933143214384
0.00147943110995617
0.0034879526800713225
0.01255923802389809
0.0007139106465820875
0.005239647127463411
0.0027145434224229354
0.0031300639802058663
0.0004057490891909865
0.0014307601523634163
0.0023389430243490115
0.00043394464887282295
0.007135587329571343
0.003972958130945037
0.004070380066817351
0.001956005505951868
0.0017636328187687514
0.009853697730073354
0.006093155676522797
0.0007921037206356659
0.0006034248041935544
0.0036434614136814612
0.00042573070226418407
0.002515974821957201
0.0012542953873336156
0.0027542023037377353
0.0020984672836432115
0.006435391199542285
0.0017923006305610094
0.0011743732379098514
0.003990680243561401
0.0018284041541413976
0.0062390199748151515
0.00035367299476277223
0.0017013152113996366
0.0013761944139120846
0.000952313235570907
0.004802866923557832
0.0011171290295026281
6.974372214722513e-06
0.0014668121040328204
0.0019216791955506494
0.00682751280983267
0.0025087162884454197
0.0012039162754106552
0.002060067363554274
0.001857417064960274
0.0025692999014537156
0.004296762366870296
0.0007524502345314009
0.0004190600936677619
0.0016373175225842208
0.0024750520545604973
0.00133368875390767
0.0009601475253484588
0.0012254995141652305
0.004685101402842608
0.00512160871587933
0.0012287860149663935
6.559184244639556e-05
2.520291141553848e-05
0.0008126618711996333
0.0006019638534959456
0.0007454013096403633
0.0011816171816476915
0.0021601180333360504
0.00032334699952526054
0.0005111735617217175
0.0011842318969599083
0.0008879606440290715
0.00377200506841275
0.0012926223475946028
8.998922749991553e-05
3.846616197168596e-05
0.0032402062772544475
0.0006723896380454187
0.0010859376844215617
0.0008380223881896787
2.327541908740398e-05
0.0007259945283723884
0.001377571390033207
0.0008412649190790729
0.001391012629839159
0.002512620967284554
0.0011400287617081312
0.004515714679544508
0.0005009386019215836
0.0002700688103350905
0.001779665612977816
0.000815588195595884
0.0030188491388520615
0.0018466616333598707
0.0003295268539453433
0.0003341655576534594
0.002624145644044681
0.0021020968174514792
8.406304165672321e-05
7.009879691099454e-05
0.00021481138026747826
0.001975639128141344
0.0013686501901837146
0.00163456598168895
0.00133208866647683
0.0011679995146146448
0.00143219207045349
0.0006756856302943345
0.0008840116913335837
0.0012063355346356203
0.0005118913271782061
0.0038038249841654487
9.719744775234208e-06
0.0016191594785990003
0.0011203299674912711
0.0001656495123190543
0.00014053237791680247
0.0013907835689065354
0.0011960230951209682
0.0001531827643663107
0.002837629297790191
2.2396086363797597e-05
0.00035296902874829087
0.0032666004199931957
0.00044125443513177656
0.0015553594458591487
7.536342190258445e-05
0.0002355385955578488
0.0007948105780247712
8.347462210223394e-05
0.00037018090399126803
0.0004952741674618153
0.0004318506560414385
0.003219857586595688
0.004080417294682611
0.002197347280948563
0.000472761379213356
0.0025772337509205427
0.0008085887541087295
0.0006201934120749255
0.0009308789447215791
6.578131006444325e-05
7.943611022512992e-05
6.664279136064249e-05
0.0034839244989603754
8.363715748081935e-05
0.001999132283215626
0.0011295722610319028
0.001453736443486144
0.0008231230932255078
0.001716931636799497
1.4993764842209373e-06
0.0023324198655164836
0.0002252867954064862
0.0011665750493295942
0.00036738583302883793
0.0030471236127852536
0.000701855629184508
0.00196096922575889
0.0018344005262918418
0.0007775787911036943
0.002039124195654365
0.000211815908429456
0.0010348533167193262
0.003920041355852679
0.000827827056172303
0.00041384413111761163
0.0006740580079785062
0.0015597727230308848
0.0027152858313156986
0.001907004522726911
0.00027452730410152776
0.002192624979396678
0.003510668805371022
0.00024258735405912872
6.287761676792008e-05
4.49175269959131e-05
0.001933229780451197
0.0017961240082868793
0.001514107341919336
0.002522101667773598
0.0015718658468748257
0.0028867069468428083
0.0015967126709478968
0.0025513275179589556
0.0033983001013407027
0.00295875667171179
0.0004418685923386092
0.0016748844426012434
0.0012419646418770087
0.00046863729602282793
0.0009575422501159279
0.0011164684673554332
0.0019441531611465858
0.0013413782160250354
0.0018436454662128796
0.00196815315483282
0.0014379619693333182
0.002464621844583817
0.002176749578038573
2.469902319149103e-05
0.001121942708693486
0.0004332997862255146
0.000823955610080438
0.0013448020738152952
0.0022986183077698696
0.0012720257876166533
0.0013476104251885592
0.0009016299433285309
0.0009209591906501164
0.002800676377067056
0.0004435401513141353
0.002544086247245789
0.0016435665360113492
0.003772845019791208
0.004967904693977139
0.00043514595430425314
0.0014498358194061846
0.0006199059396420734
0.0013017038318383152
0.00020712585681407908
4.2675321597151084e-05
0.0006728563743510101
0.00014328388441925963
0.0009442072111646784
0.0010790893842451722
0.0005138014399764832
0.004854358090814529
0.005859824711870237
0.0007592425527723709
0.0010989792302134682
0.0008851569672021372
0.0010188622077065385
0.0011483830013391246
0.00013880219873867937
0.00012926509648154814
0.0029079880059391964
0.0013520941106489126
8.952491491119667e-05
0.0026291562652312316
0.0006281813483974438
0.0017872412696485717
0.000608066869665205
0.002009203186858
0.0016341586308882803
0.0004796850328107277
0.0002433656023835492
0.0050648632771654505
0.0006400143519946106
0.0014822249108156344
0.0016311855428306145
0.0011016333468293045
0.0005275730916500834
1.2903602949418836e-05
0.00014237001534585437
0.0015195645683535762
0.000623059186585368
0.001288381667968879
0.0009211609966374588
0.0015385846592062117
0.0006007022114406142
0.00017826665652928182
0.0006465625716335463
3.1177713772244655e-05
0.00017015214301919628
9.242116467307528e-05
0.00032655784169014217
4.696766293274664e-05
0.0013767252638965965
0.001111967146741767
0.0017055542663499661
0.0006921734802241768
0.00017357093802863874
0.0009390019133198506
0.00025597615387802094
0.0005354521750428624
0.0017621515796306649
0.0013712045645328861
0.0005979410444665843
0.0005305666964114485
0.0011438286290868472
0.0014647001464194774
4.685876258353757e-06
0.0005340517769683807
0.0005947245235995931
7.249909621156566e-05
0.00106326119460714
0.0002146154753115158
0.00041592887640201854
0.0007744771672042475
0.0002758346277899123
0.0003972836588463599
0.00025097291250737687
3.2037654383448536e-05
0.00034029529643140347
3.139616613246456e-05
0.00018436353661552632
0.00034222905931014956
0.0007206383052912315
0.0005395812576595656
0.00015673662425922527
0.00028620541288653295
6.428515890919155e-05
0.0007905674538283863
0.00026471573561509347
0.001448849628867921
0.00043948452877289057
0.0004972448271022972
0.0002978015056376655
0.00017942397494583875
0.00023632415206882606
7.15178683360769e-05
0.0001781329987991326
7.250066061785176e-05
0.00040250395568770645
1.3026640547699755e-05
9.530247470757086e-05
0.0001561385372188295
0.00044824304863938416
0.0002819802906809366
6.425051490771608e-05
7.055736187635173e-05
0.0002512549943286353
0.00014771547992606458
4.132476400019544e-05
0.0002114668024575668
0.0007737810967994144
3.039547780398795e-05
2.166219402329663e-05
4.5850884299833334e-05
0.000347100613654865
0.0005148237593552293
1.4842672896827556e-05
0.00010296889774772728
3.0291917411282848e-05
2.5807736512366346e-05
0.0005697192413583507
0.00011522310952508994
0.00014861500287492922
3.2593648775731324e-05
0.00010074266081062282
1.1619660302986816e-05
2.7844878267220556e-05
0.0002665328919180129
6.140584364276083e-05
3.773563733960045e-05
0.00023788134084342755
0.0005521360871208543
5.406549851464543e-05
2.3863123687981225e-05
3.237153906608612e-05
0.0001370819583571282
4.45466130020748e-05
0.00039823505605192556
2.721442554107787e-05
6.412131347012497e-05
4.16505100766447e-05
2.9059048962701014e-05
7.295631725891589e-05
0.00032653461977879763
4.564659702016174e-05
0.0002647416390829501
0.000557412189220234
0.0001715872328554129
2.1640526795906345e-05
3.065603573964334e-05
0.00045210773313504506
0.0005380128432894784
7.003242635623344e-05
3.1337850557398806e-05
0.00024920424608430744
8.649357309815749e-05
0.0004948773033555822
1.0685064223892287e-05
0.00029942715068770993
0.00016959472452773142
4.3649700096011525e-06
0.00034581099304067746
0.0008222781909643334
0.0007702301558113732
0.0001362421747057417
0.00022706235361482266
0.00026020389127351325
3.3236585389237415e-05
7.847397478034122e-05
2.0323125036406317e-05
3.5277206096716753e-06
0.0003824940971284486
0.0010041804115880166
0.00023159080606672278
6.159124912984968e-05
0.00041541146803961403
0.00015393902021406528
0.0001430480108663498
0.000545896062595364
7.094341268182606e-05
0.00031895919508975783
0.00016369979442760257
0.0001096759507071737
0.00010415999497348634
0.0002581772304275389
0.0006387935204495793
0.00066090960320763
0.00014894335660848866
0.0003331190899791226
0.00018262648518877639
0.0006702856518212266
7.819140866081986e-05
0.000186559387999915
0.0003336444075952761
0.0002015682401453583
4.4149669469691686e-05
0.0002807172497062623
0.0010459603200976694
0.00023354720831865797
0.00014298756042177517
0.0006618112579998922
0.00026808188903661596
0.00012936295387112087
9.061579722093881e-05
4.1646447573985355e-05
0.00024331266727582515
0.00014451091639544784
0.00041135023991998324
0.00010776015802209363
0.0005202806019479709
0.0006968624781301443
0.0011406227094773137
0.00016281921864069827
0.0004940592903322781
9.232714482048751e-05
0.0001419623593765473
0.00036004654972507594
0.0006590408411239356
0.00020536860240310222
0.0006461386454881528
0.0001982428338503131
3.978530859067859e-05
2.104031850706525e-05
0.0001101633368804335
0.0006456315427219011
3.150099635809841e-05
0.0002911988935741152
9.818090980974231e-05
0.00012560401960070666
5.400039187844346e-05
7.518759356068916e-05
0.00017700293955123076
6.344070660095894e-05
7.386021000744305e-05
0.0002056841650256079
9.109580973980468e-05
0.000613341392178124
0.00012311317937112532
0.0011713187805760087
0.00014830760053708255
0.00046068771052087417
6.73530552212066e-05
0.00018125239311004752
0.0001895893044897481
0.00041445206018346265
4.8504647854688294e-05
7.833809474816166e-05
0.00011868140443430274
8.580070046617779e-05
6.973007140740963e-05
6.828289013172699e-05
0.000444079456582937
0.00013695872973109764
0.00012476076685491124
0.00046200384985021527
0.0014084267308569895
0.0002829692239692359
0.0002660887448045827
1.266536613930696e-05
2.6531013277178436e-05
7.311489870307412e-05
1.5457382091749267e-05
0.0002888913225757312
2.112413626141651e-05
5.876667517500641e-05
8.965114923556753e-05
0.00015343286903701474
7.744081944686762e-05
8.981897934525992e-05
0.00024169161285983923
2.691931907497389e-05
0.00013340692578395834
4.4549492029378195e-05
0.00010218791066677862
0.00010093023784062077
0.00020957289488425347
5.218048607424189e-05
4.6514355176082415e-05
0.0004499717208393747
5.210714036389015e-05
0.00013533763771403937
5.582964626699654e-05
0.0002080496348316821
1.9567304836504557e-05
0.00020315865300209952
1.9100467836228406e-05
0.00019981610869819813
1.177917430951921e-05
7.982129400918162e-05
5.574275972843094e-06
0.0001730624643826201
3.0135534869529423e-05
4.7145440648754664e-05
8.558084599936795e-05
0.00041143108515932336
6.364234384054738e-05
0.0005683766344635566
2.3709291884130106e-05
1.0388658125220099e-05
0.00023789286249671255
3.82985527812872e-05
5.903269919891106e-05
8.491377855134495e-05
5.767132343260118e-05
7.440983311465943e-05
0.0007444792029236406
0.0004385217772663167
0.00030860563654322383
0.00013768971784526752
4.5688125265223806e-05
0.0002694187512987751
0.00012707322174323029
0.0006980635931492379
0.00033179321022751317
1.1806255563476413e-05
0.0004568801534224647
0.00024258903888510486
0.00023346794720346096
0.0003518836463034178
0.00010859759767957414
0.0002084908215348937
0.000295794647508466
0.00020191325696132273
1.313693697661796e-05
2.222344200070093e-05
0.0004396916807088363
0.00015013520556851246
0.0001424256137877595
0.00013333648799910175
0.00014223148728299912
9.816357300933554e-06
8.583685361427072e-05
0.00010708404730776134
1.4579831951769439e-05
0.00010111721153514169
9.375441329174619e-05
0.00019881829445995787
0.0004601512517384776
2.4576117289096658e-05
2.1415443499333237e-05
0.00014755002474885464
0.0001369828593647266
0.0010230507189405754
1.4176851859992627e-05
3.3384094221522476e-06
6.633927721427057e-06
3.820479151028524e-05
1.306941212384973e-05
9.589045278664427e-05
3.764584930050659e-05
8.078997432227574e-06
6.568655520548064e-05
0.0001236084090235854
2.5622542805383408e-05
0.0002258436372728615
0.00010085287299450685
6.186424745023046e-05
0.00025979291164981104
2.4174555868939663e-05
0.00030467832395677684
4.1611836741226306e-05
6.768619591052167e-05
0.0003806136802298408
0.0001931443491408654
0.00021642074171787534
0.0003177982918489057
0.0002691298758451636
0.00022940752532239802
0.0004695490689157509
4.742779551511981e-05
3.6912296536049366e-05
3.4508867664162383e-05
5.56135223192326e-05
3.407151314379022e-05
0.00018068016846331032
0.0003407163315276055
5.995951909698509e-05
8.594255372262116e-06
0.0002460464058339308
7.422025165361519e-05
2.8621968645967015e-05
0.00017240009091125348
8.318684723121573e-06
0.0002337554874823297
4.823435028428894e-05
7.718725728883838e-05
1.9474073569636867e-05
0.00021991570883653566
0.0004848105948410525
0.0004061379254693663
0.00036767322118545526
7.35085254306255e-05
3.0185761617534473e-06
1.003430319524426e-05
7.328793896922348e-05
7.187336553619684e-06
0.00017806877278653353
7.600756652305143e-05
3.440483097655411e-05
5.81097430929251e-05
0.0002308578742243998
2.8406689161571562e-05
0.00010398577634462573
6.311011085143403e-05
6.551952667838003e-05
0.00019488846388274555
6.5025410259966495e-06
2.248800319339999e-05
7.819350912109693e-05
2.2827296989387635e-05
0.00022711789240144315
0.0001486729765117448
1.1979260399164197e-06
7.236637909867213e-06
0.0001826421103378341
5.27651786805137e-05
5.294707733398958e-05
1.9355112051083337e-05
4.8579377186896344e-05
0.00022434641331188092
3.2869805280202828e-06
0.00024599787287018333
7.549750312014083e-05
0.00024542141204203835
6.635146044595284e-05
2.8647516017160044e-05
2.5133510682149568e-05
4.4390064013455866e-05
0.00022720468303002168
4.4375252563142866e-05
1.9617675747338405e-05
3.92560950316779e-05
0.00015166347815523786
1.062710895495127e-05
7.935823845935699e-05
0.0002181210984220962
3.953238157745213e-05
0.00013811382699089895
8.877880345622208e-05
4.690955443312178e-05
4.301142341380968e-05
7.009747521236954e-05
0.00011262483717031243
0.00013797555200777814
0.00014817116512111768
3.998597730209276e-05
2.3189807838770632e-06
8.274352346431643e-05
1.3873336353062443e-05
0.00029410077080274595
4.0491760321344806e-05
0.00013507845897642597
0.00017043324599985067
0.00013505756011502354
0.00010689509618526243
0.0001791103714251803
8.85364169434858e-05
2.6224456474214647e-06
9.445761407068392e-05
7.942890529022218e-05
3.890469565993452e-05
6.37225146559536e-05
0.00018878072439608128
2.8096157246997683e-05
1.9285652527364386e-05
4.819591587374662e-06
7.89660641332527e-06
0.0001685341095346708
8.358488980950088e-05
2.174073831213633e-05
0.00018541124143939353
7.452641543221421e-05
3.501228513568894e-05
6.56252623515935e-05
5.926555781349459e-05
3.547300651453991e-05
6.9744282453073564e-06
9.463500331415483e-06
3.1526569554015695e-05
0.00012519263418428253
1.8023313337451894e-06
3.516371572789402e-05
2.2964338381977633e-05
1.1658392986030568e-05
1.376852935963117e-05
9.142141239831684e-06
1.758056483356625e-05
0.00016045516927187906
0.00047592133663166815
2.9281501491610554e-05
0.00021113759322874108
4.2486397691756614e-05
0.00020899686440281135
9.332800768828355e-05
0.00014535663293787046
1.1375135308556116e-05
3.948300713723101e-05
5.5170698505740304e-05
0.00010307764420827332
9.969536992848097e-05
5.668182819192978e-06
6.134624213330428e-05
6.938540728547341e-05
4.587903697698275e-05
0.0001416604267262323
8.725511610429495e-05
3.0587161133793974e-05
2.4226372687194902e-05
6.808095564706397e-06
1.577047201274723e-05
0.00011326776955762983
0.00013846623761351807
5.847504359792181e-05
5.447518642824435e-05
3.9712053254247226e-05
0.0002112707201178832
6.813177019326877e-05
8.733953530861696e-05
5.1252015862012506e-05
3.2111940678287866e-05
0.00012532422301800216
1.4808376220813701e-05
2.6789151889514774e-05
1.4716467738870638e-05
3.779150993472711e-05
0.00012797934453258824
7.15103502366462e-05
5.874001193957959e-05
1.436554215392901e-05
9.493495893059981e-05
8.723968349900434e-05
1.0509445756245465e-05
4.390712598338475e-05
3.5526025406519734e-05
7.598089929094747e-05
3.114333879198255e-05
1.637087360466536e-05
0.0003024815216794487
0.00010452887941164915
0.00017249649703961987
6.758602558968841e-05
2.029974852531647e-05
0.00018335698082202085
4.221333502436594e-05
0.00014520290699994489
3.057173910076923e-06
4.5457169897078165e-05
0.00020628934103079794
8.029705481366503e-05
5.914890269817327e-05
0.0001334395863461523
0.0002725405427001455
0.00013623073468881346
9.144198715268831e-06
3.256228271238536e-05
8.143858443603932e-05
2.9771096727724222e-05
8.412964488878848e-05
0.0001776148038645125
7.593128861202833e-06
8.716311921157841e-05
8.557999218524697e-05
0.0001464205493006508
3.670086479689483e-05
8.250962523071699e-05
0.0001477717451977497
0.00023424668297854917
1.5133567476420966e-05
0.0003671945651125646
9.272259433654448e-05
4.594029128687153e-05
0.00020622331624041898
4.8928983714274775e-05
5.431068956434932e-06
0.00027653964323213646
5.403676079637103e-05
5.6067282612123384e-05
0.00020333695814628807
8.782348064062741e-05
1.6658161315510038e-05
0.00037740713105332164
9.91633263366843e-05
0.00026946995543429504
0.00014164569156349864
7.428766108617537e-05
0.0001735001945789661
0.0001367246608302537
5.756642153082334e-05
0.0001859579136426617
4.504400362998986e-05
2.295515004132777e-05
4.052181212248895e-06
9.585276676550001e-05
0.0003034397093422705
1.7574186575574204e-06
2.2370477548956187e-05
8.712747143519776e-05
0.00010503792652565071
2.015037303749964e-05
0.00011144809508152281
1.9319699964686208e-05
0.00011592692721358185
6.217891778372769e-05
2.9842563985791194e-05
0.0002948589442559645
8.182537947469828e-05
1.2837750572895146e-05
9.839851024418916e-05
1.90205132106386e-05
2.0535898850897134e-05
8.28195959731476e-05
2.351164037867286e-05
5.1613934472788994e-05
4.636785662881538e-05
9.403579109071078e-05
1.3003061423950694e-05
3.108407125937247e-05
6.54490890115016e-05
0.00012339294217552082
8.21825778394189e-05
0.0001861246714333471
1.546871983866661e-05
4.602648323082688e-06
4.968247751117276e-05
0.00019391981072357063
1.296978025493063e-05
0.00023296318278690607
9.63458417358311e-05
5.855921874365238e-06
0.00013929645179774138
6.461255079405014e-05
3.285489676585878e-05
1.3818433639035144e-05
1.5257826939079448e-05
7.949246995394176e-06
9.838990517489945e-06
0.00015092654253893512
7.704481443272725e-05
3.687736454540095e-05
3.46710942146529e-05
5.861917654272545e-05
1.2851954566566136e-05
4.460978761893644e-05
3.108414670562694e-05
1.296764090899065e-05
1.0497309647185694e-06
0.00010231253981179385
0.00010971708924904955
5.775203363903482e-05
5.898213563432758e-06
6.71262659263374e-05
1.3338511446061927e-05
2.120434328449591e-06
4.472335462226681e-05
7.532311289111231e-05
2.1315025122250545e-07
9.848201571163553e-06
5.860520978542712e-06
4.837151145686972e-05
3.531156538234449e-06
1.3732322803045014e-05
3.4585007006867383e-06
2.494478321003198e-06
6.992340428558293e-05
6.604779731056329e-05
3.8795390909307186e-05
7.913349201524275e-06
3.064466251210141e-05
1.683726133512118e-05
1.3258437840275306e-05
5.874000978068765e-06
1.1114085769539819e-05
1.5257111481734829e-05
4.948617351544168e-05
8.466508957585044e-06
1.891243849997464e-06
2.8429755026359476e-05
1.3577911203430833e-05
2.367600234969207e-05
2.196250244856405e-05
3.981372639652609e-06
2.0568253545657184e-05
2.6925085873436567e-05
7.425087640867926e-05
2.8690975650967726e-05
1.9350977444560108e-05
7.288784839088818e-05
1.5373201080852178e-05
1.6150985467111583e-05
2.631108965092309e-06
4.601570364028432e-06
4.253888347441919e-05
3.824650148738035e-05
1.7924451565132563e-05
4.647776253502637e-05
1.4131136090151498e-06
2.404436232293066e-06
2.137513618901085e-06
5.8120326118344256e-05
4.619000663829696e-05
5.2219116851873944e-05
2.028257524054974e-05
3.9612960180231656e-05
1.407421476314415e-05
4.142529279402591e-05
4.066251583462184e-05
1.0935277705236571e-05
3.544763947733068e-05
4.929198031906238e-06
5.636691369317287e-06
9.002089767747638e-07
2.7706926640336175e-06
5.8834852611069475e-06
8.099301429639316e-05
2.3416312245697205e-05
1.818628278375577e-05
2.3403753068799844e-05
1.2598081063791254e-05
9.989876618743663e-06
4.075666575780896e-05
1.0156668970962928e-06
1.3753990225448712e-05
4.2177858203285397e-07
7.6589043701853e-05
3.9943934010658915e-05
2.1878176606880066e-05
1.8509912728686745e-06
4.68203017034913e-06
1.8262660981754434e-06
1.7394595991909575e-05
8.167421139509033e-06
2.3574369037180224e-06
3.491346574592772e-05
3.1430814186411287e-06
9.701892907784528e-06
1.1998315439148842e-05
1.1974469608456322e-06
7.794116917940151e-07
1.0068777076737128e-06
2.6996888610327936e-05
1.5122287655997953e-05
5.5675454111549726e-05
5.5327494402881916e-05
4.717121799210788e-05
4.639053712312925e-06
2.3992402637588513e-05
3.0773910552405575e-05
1.4902873306924515e-06
5.01454425123713e-05
1.8272304960278195e-05
3.263853269726583e-06
2.2878054698806667e-06
2.918016846342573e-06
1.9901020271958016e-05
2.0734268756895883e-05
3.6371368983808515e-05
2.1414493404471535e-05
2.451184767487125e-05
1.3518975251954852e-05
2.6523364051619674e-05
5.85902176435818e-06
1.169608198877063e-05
3.054655902889077e-06
2.0056163827864335e-06
1.2862543422094167e-05
7.686000891159334e-06
3.137475310827366e-05
1.5932903050802531e-06
1.5066828465606047e-05
1.371038014664163e-06
9.439569714188108e-07
9.538873349077842e-06
4.825626845341368e-06
4.482694467304181e-07
1.4084224241306628e-06
8.329817375576717e-06
6.645475906838526e-06
5.820707646391088e-06
2.262656546155082e-05
4.6030036190846966e-08
2.7076008348540027e-06
8.844403745014726e-07
3.0411406482913342e-05
7.790163078749465e-07
1.636780835868131e-05
4.216532249382729e-06
1.2186000761344672e-05
1.5788306084227973e-05
1.0429330361566519e-05
1.0374455856127998e-05
5.2701854400339775e-06
8.216389340340245e-06
9.247607154566083e-06
1.7670533277121154e-05
1.6672714892080567e-05
1.1487933532373286e-05
7.210733728105374e-06
1.5765442233042206e-06
2.4164575865431884e-06
3.3496993648005665e-05
9.672232714983142e-07
1.3181366720537309e-05
3.5964394232153255e-06
1.3322420287275321e-05
2.3590607237522218e-05
2.047854185065606e-05
8.973118424916434e-07
3.187815015224822e-05
1.451377585560384e-05
1.4152099883935298e-05
1.932724608118843e-06
9.504715011687796e-06
1.3386019024592635e-06
5.650567731776971e-06
8.888749509791737e-06
1.0873423450729656e-05
5.117715632778777e-06
2.5211192974742227e-06
1.2186066264027558e-05
7.261598036104158e-06
6.927611931774616e-06
3.25351107229726e-05
6.869544446697245e-06
2.3645238191211632e-05
1.1802379235066486e-05
4.529391783398357e-06
2.1723430740255407e-06
8.649538440271254e-06
2.5525213774819983e-05
4.3805138371821174e-05
4.318830364099568e-05
2.1805931121453508e-06
3.475675496329359e-06
7.98231393463888e-06
1.843714520935685e-05
7.51185826164988e-06
1.1429170354567559e-07
9.911880282465477e-07
1.414239682826808e-06
1.3294271934352983e-06
1.1179479825113288e-05
2.5974791241002994e-05
4.6599243774280187e-05
9.4883498123682e-06
1.60299685997133e-05
3.335896878949269e-06
1.0833673968784291e-05
4.9084120085144946e-05
1.7548991968553142e-05
3.78611865475639e-06
1.2673869798698168e-05
5.131401808382007e-06
3.0588523611509658e-06
1.8503333263440735e-05
9.825896199824074e-06
2.2487334186515124e-06
7.997683048645781e-06
1.027897870160045e-05
6.321800807011014e-05
5.562875325119841e-06
9.072285833839323e-06
6.262030146550912e-05
3.128535236933985e-05
1.3214380477579121e-05
5.601662050650724e-06
5.6840861742054525e-06
3.485104764618724e-05
8.575803021857341e-06
9.173359898926465e-06
1.6857340698352544e-05
5.56203495639446e-05
5.990684919131884e-05
3.2656945722758203e-06
1.1689322963452483e-05
6.33069411152589e-05
4.2252375283647035e-05
6.547180293757547e-06
4.905183401864e-06
6.900730742366107e-07
3.835037865335656e-05
4.888346694718258e-05
9.061141127021082e-05
2.5270819958201976e-06
1.6246981776671503e-05
5.258146046762954e-05
4.2070084025852366e-06
5.7916145281161815e-05
2.3710488833739175e-05
0.0002453777975847386
0.0003014119178337104
0.00019964389233160902
0.00015734567314993966
3.941168142864436e-05
8.46297341794062e-06
4.409264600101159e-05
2.8650293121388136e-05
1.7171106193405402e-06
3.0161456608477714e-05
3.4535254981873466e-05
0.00012257402712000418
1.0277876723872011e-07
5.900868721483952e-05
6.057435426641437e-06
2.8028368946017353e-05
0.00013336872436657605
7.228318935596577e-05
0.00015544051792781879
3.7241033061009576e-05
2.095097488558421e-05
3.068798269386796e-05
9.594299568494663e-05
9.343523869835218e-05
0.00010451781177251877
5.395486428554151e-05
1.2196293054339374e-05
7.218746314761107e-05
4.955870455204993e-05
6.647136512675225e-05
3.485521561860132e-05
2.2296806230361628e-05
9.557453147317109e-05
2.7537925124989135e-08
0.00010016771054767126
0.0002441239150662184
2.378602907494062e-05
2.6936748999004973e-05
0.00016521909115375583
7.990730271511475e-05
4.22803916001984e-05
0.0002631949861927856
0.00011561046112176459
0.00016008451991771712
6.750157596313034e-05
1.1316910304307205e-05
3.3907940220615434e-05
4.583894119126433e-05
5.84589158256561e-06
7.88329722735342e-05
6.579068433728285e-05
0.00015597310513425846
0.0001228710976319381
8.087043922990856e-05
5.640506528923852e-06
5.829289531147789e-05
4.9200639207530056e-05
0.00011990895613837719
6.895026991608915e-06
3.0337989483589578e-05
4.6129553344723115e-07
1.0515430907331086e-05
0.0001719162175065662
0.00015309108569894515
3.813718067889626e-05
1.6926251251143946e-06
0.00011912570168899164
5.6651664017872415e-05
4.0877807821348e-05
4.787209968361098e-05
4.633225509197565e-05
0.00035075164066281295
0.000216002949258025
1.6878795114643607e-05
8.439900632006151e-06
1.048397789133958e-05
1.2184590788012187e-05
0.0002593962490787203
3.5989309536929634e-05
2.135777094214298e-05
1.0150075436026398e-05
3.949420334003878e-05
6.461749591164547e-05
4.476867713782987e-05
3.235478402233681e-05
3.5980635535514756e-05
3.827746066348663e-05
7.390004684183108e-05
4.9231453109161116e-05
7.594200357064043e-05
0.00017943407534714862
0.00011378480301161911
2.5927634044287086e-05
6.100426004583495e-05
6.184631052935643e-06
2.8329086971096377e-05
0.00012189301625870622
1.4955185365925718e-06
5.878479802535248e-05
5.885029886579194e-05
2.3729105584862243e-05
0.00010887566140555592
2.496261757836474e-05
0.00024322364816757017
1.4691059860558957e-05
4.214301277098808e-05
6.105536963470352e-05
8.337253332764717e-05
9.451633504801513e-05
4.207953533883558e-05
4.2814111532919504e-05
8.246163547755885e-05
2.103353644466194e-05
0.00010078042181512917
7.901043122065024e-05
2.2860439288620567e-05
0.00010521372102481853
5.091434355832149e-05
3.747944338002114e-05
6.326912118307804e-05
4.322186717725071e-05
6.332684387362822e-06
4.409200835465593e-05
1.6579690683798903e-05
8.229034923342145e-06
6.553150078276269e-05
7.237647033279195e-05
0.00012094020051508424
0.00010510594773655386
1.1562227571914138e-05
0.0002325326414018197
6.271201133878734e-05
0.00017341944393912327
1.585413772266486e-05
4.076455770663401e-06
5.659155604161379e-05
0.00017995246534454115
0.0002576418515219147
4.572291822512899e-05
0.0001808231646768089
2.11722393504567e-05
8.746581892241262e-06
0.00011817428476698865
2.7806125082068334e-05
3.625020749548254e-05
1.018729515919943e-05
0.00013473493114879266
0.00018457427355916952
2.836026205800574e-06
3.0546938289639495e-05
0.00020257282385937415
5.8393479144502627e-05
7.081934564290215e-06
0.00015424604688906926
0.00017390870568931543
0.0001888418381211061
4.731414670791486e-05
2.389400077863454e-05
3.17214220014294e-05
3.804930077341895e-05
2.0073380744391462e-05
8.117608315333768e-06
6.0240623352165817e-05
7.522265951065873e-06
0.00018876675637207276
3.515377707690691e-05
6.878497801578108e-05
2.6585083837940368e-05
3.21727631057509e-05
0.0001307559440739049
8.624915858960517e-05
8.201765796634688e-05
1.5412718333651853e-05
7.352531940484751e-05
1.664408641831311e-05
4.978302736701673e-05
6.693214849119039e-05
0.00011512853668051215
5.305550271212878e-05
0.00011914175427118038
0.00024251401623772667
9.071452311020545e-05
5.193713962447138e-05
1.2574975486989722e-05
1.5252018179207926e-05
5.824378932836816e-05
0.00023188933170520802
0.0003886707720104847
2.831657937835879e-05
1.428527196826068e-05
3.5143606570435155e-05
3.6710873508683774e-05
3.668958327321409e-06
0.0002541304667614217
6.80926073501392e-05
0.0005775566878142937
9.939233371066022e-05
5.427545037329412e-05
6.770584987123651e-05
0.0001518453892154503
4.458124142119226e-05
0.00013329499724546476
5.230490352627424e-05
3.607119183377024e-05
8.143318399183055e-05
8.094488208091107e-05
7.167709717333803e-05
4.188436876138436e-05
9.211796900961108e-05
0.00017216439017585407
4.99975642155999e-06
0.00018779638123793735
7.309940849610074e-05
4.143476593503239e-05
0.00027578563739313953
1.5395725260788984e-05
0.00013964826760382886
0.0001008827147126937
2.2067692995224065e-05
0.00011634079331773937
0.00015420545318982438
6.664106235858984e-05
2.0557462909265017e-05
0.00016190893604702008
1.7586619996849962e-05
0.00011036539655601252
0.00010354783633537188
9.93631259133171e-06
0.00012114094460782663
4.843917309624637e-05
0.0001214570020848125
3.664267005282741e-05
6.437809145472834e-05
5.5607276281583425e-06
1.154596129136709e-05
5.362002155724919e-05
0.00030748997971114135
0.00036954848123101487
8.104513896188453e-05
0.00033438377453498416
0.00016693170800393363
0.00018620768848549756
0.00010564755836072258
9.184951322433105e-07
0.0001154125957061428
0.0001687829736468078
8.53050948356834e-05
4.8673018743533526e-05
0.00013766527775796867
0.00015427417829568354
0.00038817730818235796
0.00018680220932627627
2.2185943958046534e-05
0.0005381703413620668
5.164577715377214e-05
0.0002497426633341817
5.1703814101269595e-05
5.487530186648408e-05
0.00035592961872943596
0.00027857037753636736
0.0005291069148429785
3.5849812824416723e-05
0.00013811709081721537
0.0005482167060341462
8.4792650319844e-05
0.00011975240047452065
0.00017786149902446926
5.13820458187498e-05
2.7628934975888894e-05
0.00010115117978514822
0.0001317511182507465
0.0002214822519127794
0.00025532263034246593
8.929105899564155e-05
0.00030717006514607967
9.28962911859565e-05
8.249024194835038e-05
0.00010646398660518333
0.0002470150902144522
0.00017933433363399425
1.5670809946549456e-05
0.00010036882528652574
9.580762282898398e-05
1.1482227990494315e-05
3.864032117341798e-05
0.00012064676352984013
3.466756994407293e-05
0.00023757315737866434
5.317546325229138e-05
0.00017883203288079612
1.2540323991423492e-07
0.00015101836012078074
0.00018450768457630614
0.0005958217080859473
4.6626096100596485e-05
0.00012662169080173466
0.00023895301763746362
0.00043061185128408767
4.001316967388541e-05
4.567605946386306e-06
6.588496900314333e-06
0.00016895064730332245
1.956530022389591e-05
0.00015401307523575918
3.758820628339083e-05
0.00031224150059734417
0.0001631195876076894
0.0003228312621789603
5.439840723488448e-05
1.7622318055651367e-05
2.0963356302851263e-05
0.00013139169460083178
4.5505843299648915e-05
0.00014621650445923237
8.44305579901416e-05
1.2330497568383504e-05
0.00025570814319435524
2.368343156910954e-06
0.00013545673872405106
0.00044404729365101674
0.0002822024125099175
7.579866904688889e-05
6.482714777676589e-05
4.902128557118909e-05
0.000170674585245488
3.106735301256356e-05
2.3143590751983585e-05
1.8383561663453482e-05
0.00037015192041011253
0.0001576676621018564
0.00013338076202929681
0.00011415192826502363
0.00039089445010199965
1.254730973577435e-05
0.00013302959653163458
0.0001910339465317213
0.00016401082925937316
2.2683512033311505e-05
9.781207419833738e-05
1.2850986376631897e-05
0.00014827222928072894
2.80366349672256e-05
0.00018787974691011103
2.193223364773619e-06
1.881207964573032e-05
0.00011578304857480593
6.308377164147029e-05
0.0002238990390436859
8.765132727196978e-06
8.836783989402752e-06
0.0001142628474407107
2.4699552453439083e-05
7.797796174148122e-05
0.000635632908862856
3.324439097618679e-05
3.443201601052925e-06
9.556080411525078e-05
4.7785964960648764e-05
1.3364119915401879e-05
0.00026242595102979327
0.00019682622669368101
0.00014481774952227407
0.00014108517949496522
1.2840492327958555e-05
4.6805184282857735e-06
0.00014474695916234952
2.9538247472215698e-05
0.00012086943760572943
8.324788604222617e-06
6.750578030554227e-05
6.6107215742612205e-06
5.363702801861518e-05
0.00011411199952739883
2.282396717469053e-05
7.651540224359674e-06
6.459690660216251e-05
3.24772318200096e-05
2.7994564358695464e-05
4.843822467684619e-06
8.336936068959059e-05
9.725256381762877e-05
5.355886920721835e-05
0.00015923664363120288
7.818462474552947e-05
0.00010765556748991785
9.288712393358711e-05
1.5043564505953716e-05
0.00016241170085817033
3.815559459656383e-05
5.962934340819078e-05
2.7845702280459533e-05
1.3310893256360673e-05
2.7903300883329808e-05
8.749137736893596e-08
8.390807221690673e-05
5.115710550329654e-06
4.9109631461250754e-05
3.1029113856546584e-05
1.8970880031089382e-06
5.673645682048075e-05
1.4256764934441931e-05
7.265805379210368e-06
1.4041729697763777e-05
1.2701016531148138e-05
4.0502795220854694e-05
1.3659938773852804e-05
2.4753028694384805e-05
8.112946972535906e-05
0.00014299960599388446
6.602899565494276e-05
1.5566196770791806e-05
7.065630021476747e-05
6.4191855409621514e-06
4.8275854834217756e-05
7.588040649046146e-05
2.780971069932555e-05
4.0023535165675304e-05
3.3157941114279905e-05
1.1886924153862304e-06
6.542030745157843e-06
4.2830632536639876e-05
3.272566246936449e-05
1.6645088388641876e-05
1.8857847969670322e-06
5.994437611962593e-05
1.572623004887676e-05
5.711157192117568e-06
6.886757917478172e-05
5.237569343691803e-05
5.671973316996448e-05
5.5858035979524196e-05
9.028518539368767e-05
1.8418475383637405e-05
2.75907239033715e-07
7.825793444932958e-06
4.085860708551079e-05
5.4464031053777014e-05
4.508149214742191e-05
2.8492813974840595e-05
7.573634748629074e-05
9.615669572420152e-05
2.7652225065659952e-05
3.825614273159524e-05
4.024121957624414e-05
8.300981467594778e-06
5.789974504330957e-05
6.734436595123256e-05
1.2553752266163094e-05
9.18332448175233e-06
1.4504834468264882e-05
4.5678565353010824e-05
2.8871261522317635e-05
1.5755442831079017e-05
2.1925101899887575e-07
9.209623344632135e-06
8.752206074670471e-06
3.61417148351147e-05
0.00015124845305687548
6.182661072678185e-05
1.1737540405836755e-05
4.289158051248629e-06
2.888922703161189e-05
1.6716784637298982e-06
3.681019689162236e-05
2.865190499108351e-05
6.344749168489731e-05
2.879609315665278e-05
2.486334285135285e-05
8.202986116467157e-06
7.809950314197685e-06
8.65429160644367e-06
1.7020203184828706e-05
2.6375378738844436e-05
1.553810800359521e-05
4.291455636744602e-06
1.4434290265149495e-06
2.560819497700788e-05
3.281709795088414e-05
9.20881417504149e-05
3.5395906126075224e-05
3.799659179450949e-06
2.336815618160752e-05
4.5490393506852144e-05
9.948984920525607e-06
2.7905539529364083e-06
1.3882502460807775e-05
2.2958331499417797e-05
4.084274136144436e-06
0.00011408708673582544
1.2091972992961393e-05
6.944669544467041e-07
1.655316046883645e-05
1.4738901614834143e-05
1.4403287464269645e-05
3.2137823693344246e-05
3.345850598734553e-06
5.219541027804993e-06
3.845407867442847e-06
1.4206183272072278e-05
8.128395290470569e-06
4.429858268984408e-05
5.294785895560607e-05
7.610567571553126e-05
2.827465541200293e-06
2.647719834754969e-05
2.6112707919354756e-05
7.259973711395247e-07
3.965766736567312e-05
4.045915901505954e-05
1.1443039445667189e-05
2.1196927153999796e-05
0.00011538858163576113
1.8630383314010172e-06
1.9592196751990325e-05
7.438698876746046e-06
1.0874150456408149e-05
1.034961891905847e-05
8.770215160866668e-06
1.0412432736527548e-06
9.351426930111903e-06
0.00011383843627342428
9.228461149881243e-06
8.17475089170652e-06
1.1292836608678979e-05
1.3104878420371612e-05
6.270755292350376e-06
6.9447731440768276e-06
4.494552965834155e-06
4.446670616927484e-06
1.828868834489223e-06
2.4833212791656388e-06
1.849037229685655e-05
2.417777000140323e-05
2.8797691709077687e-06
5.592074474950045e-06
4.474632103867554e-06
3.7767662558760126e-06
5.099909840853917e-07
4.1824059769799676e-05
4.742011070483808e-06
4.5612435050654494e-05
2.0367632032366364e-05
4.9194563341169655e-05
2.3378662564835894e-06
3.9717568713370816e-05
3.051521324150416e-05
6.410001230857945e-06
2.2482887108250284e-05
1.5267220206741994e-06
5.220767369256916e-05
2.0452563654774632e-05
1.1389177607635242e-05
1.8826763907163684e-05
2.0243360838122412e-05
1.378826727751102e-05
2.7438664911897802e-05
2.6676973677271107e-05
5.609579476345546e-05
8.388823444192349e-07
2.0575387123028267e-05
3.844142730051469e-06
6.379118601672385e-06
3.2429298162896456e-05
9.007163752251182e-05
1.9309103395612216e-05
4.819747579331186e-06
2.8335717610954254e-05
4.824714414405503e-06
1.8439590843098908e-05
3.783757096851709e-06
9.487996260942663e-09
4.2481535697665765e-06
1.6975979742369606e-05
2.500547904908817e-06
2.2695289797987716e-05
8.309903981708561e-05
1.0020153972953772e-05
2.1427301806324198e-05
5.038976624163852e-05
6.508374625880453e-05
1.9560299830030697e-06
3.9735352050214554e-05
1.0828478573745756e-05
2.161113696137621e-05
6.5904686651651985e-06
2.0181079480810373e-05
1.6061976090497702e-05
5.999257341721738e-06
5.289339409741491e-06
3.908341816144256e-06
5.534416648423453e-07
1.0471873767387019e-05
4.145166598269779e-05
2.074714347153045e-05
5.749127911331454e-05
2.03762105402433e-05
5.518174998060711e-05
3.102634479453051e-05
4.2759461067680436e-05
9.29763209525016e-06
1.739717794186649e-05
2.7687469938171027e-05
3.880565481362745e-05
1.3629384189619524e-06
6.562044480585105e-06
1.7469689461078746e-05
4.506976622260565e-06
2.01900479370976e-05
6.458122981227056e-05
3.0243354615444636e-05
1.878147560900805e-05
1.632844457516847e-05
2.045788495256463e-05
1.1029285964072914e-05
9.293134850366205e-06
6.76237806640024e-06
2.5194861862360406e-05
9.341811014216043e-06
3.439402117196595e-05
4.261346371054262e-05
1.4294588343351326e-05
7.225252868415197e-06
1.2528512055976789e-05
1.3143338606686807e-05
3.1421683526883534e-05
1.2657038558600138e-05
4.291292716992842e-05
0.00012130871225955622
1.4000138008369738e-07
4.0390831893468084e-05
1.0699089678869943e-05
1.0167583352146696e-05
1.8324390789438335e-05
1.5391869815224795e-06
2.211478926596201e-05
0.00021144762082562986
2.3319112817809922e-05
2.365161160770657e-05
6.085150523689654e-06
6.242797828410272e-05
5.159548673332908e-05
4.626811442272922e-07
4.682939240199887e-05
1.2113778788049294e-06
1.3339918780787353e-05
7.974240567578175e-06
1.9398643720140163e-05
1.4349074017971571e-05
1.7943945285454998e-05
6.034856673263281e-06
4.110880942470165e-05
1.2264709403363174e-05
3.6059993188525374e-05
9.634147317789615e-06
9.551169224774949e-06
1.8787586195232195e-05
1.930263353190257e-05
1.8727251868327896e-06
7.390833937266406e-06
4.9621734781699615e-05
9.037924877167875e-06
6.697960120681152e-06
1.538691533954853e-05
1.2842466513932753e-05
3.0124611357953616e-05
1.4156203774640685e-05
1.0938651825555348e-05
1.1749052893585307e-05
8.644403978068885e-06
4.286160570391721e-05
1.0056567760243524e-07
4.172039718249376e-06
8.177961807502154e-06
4.8285624977341815e-06
1.5532633436119048e-05
6.148381660379533e-05
1.2805976614321873e-05
2.9995677267847088e-06
2.088989425749707e-05
3.135941644781121e-05
4.445494411826056e-05
7.944236472029845e-07
2.4307643308669236e-05
4.23538390552935e-05
5.315570515149074e-05
1.1000166782526281e-05
2.5742003051856075e-05
2.989919248705079e-05
3.5856369999424745e-05
2.3043239830842035e-06
2.9024243692655844e-06
2.5217165561362643e-05
2.780728744953913e-05
2.174642030572844e-05
2.658856961011917e-05
6.4614383735773544e-06
5.549875169284136e-07
2.1008004644168553e-05
7.195834408763785e-07
5.114802704964095e-05
3.877318116460397e-05
1.991918452902307e-06
4.74800253935488e-05
3.4659060573217775e-05
7.233094139209854e-07
2.225095452773185e-05
3.937004449322736e-06
5.699971706264808e-05
1.065164523288878e-05
1.2794604818589668e-05
1.0728933371838155e-05
1.1505104056789995e-05
5.3482728606777803e-05
4.334232249485158e-06
4.6852675827191815e-05
0.00010610686743332268
8.147147505293707e-05
5.2871376731356455e-08
3.261570670632446e-05
1.9070240007848145e-05
1.3014228937548416e-05
4.131370729360367e-05
1.3808726357153853e-06
4.209026270726111e-05
1.2956744399931473e-05
6.260024520263758e-05
2.2824039340481705e-05
2.0461116291512738e-05
3.1929798435882237e-06
5.7180038659428934e-05
3.211931827049465e-05
2.8190406170143166e-05
5.879723108888879e-06
1.2755872255652617e-05
3.843818782834808e-06
7.029759146716337e-05
1.2185373526342604e-06
2.4338348238643308e-05
3.4487269866496503e-05
4.805817105510136e-06
5.768013561496823e-05
4.625840628517465e-05
2.3097671783046575e-06
1.4461091220004736e-05
5.0210356333092104e-05
1.8221542560869988e-05
3.768716208654418e-06
3.6079511661586734e-05
3.9083351586934356e-05
2.2350214532254474e-05
9.837463479663683e-07
5.365677406647242e-06
0.0001366911426502194
3.119684520360715e-05
6.431052144308288e-05
0.00010418056648670886
4.678556414375441e-05
1.1646925837722151e-05
1.263413990506165e-06
1.7948623006062522e-05
1.1576417313729313e-05
1.9623345292191783e-05
0.0001952265614672678
3.827110412050161e-06
4.240091890878342e-05
0.0001358135118892563
6.818129823005743e-06
8.99009412311025e-05
3.4377448658654445e-05
8.197603136044685e-05
0.00011974873340120598
5.599165472019412e-05
8.255728937752089e-05
1.7323415692468837e-05
7.100590127873256e-05
2.5660987428027403e-05
3.241627380536592e-05
4.370739851755785e-05
2.9031302000281242e-05
7.822517369969183e-05
9.623646107569674e-06
4.529943281650216e-05
4.0776718347195805e-05
1.9391126225960586e-05
2.0767411089528435e-05
1.8478977989274744e-05
1.0529602752567316e-06
2.296933663719057e-05
8.072460093948037e-07
4.258844229329847e-06
2.1549083346752e-05
4.3459549572496945e-05
2.5926106674817924e-05
2.0331051619290814e-05
1.7255007515125617e-05
0.0001541412143338331
9.989458455883739e-06
2.2375213035166166e-05
1.5872843729499854e-05
2.9272641313930025e-05
1.5477693579786726e-06
3.565511784763082e-05
6.3846740979459634e-06
0.00011085597850550585
1.782532083446002e-05
9.471015927760094e-06
9.835197344602573e-05
4.255090937176532e-05
4.6216340879628965e-06
1.565843926659024e-05
4.681905008849881e-06
4.1665415286386736e-05
3.852878332641641e-05
4.964686018760243e-05
3.307120355207877e-05
2.0826078997410152e-05
5.3660309086615505e-05
1.842231097778059e-05
0.00011818813222679082
2.0889217631677954e-06
4.649410267622018e-06
8.707325974937709e-05
2.7659443815374778e-05
8.94697114716896e-05
0.000100217216322526
2.5189763401970374e-05
1.9542940563752863e-05
1.706350189601051e-05
4.326308431197486e-05
1.604053900310248e-05
6.015281101129539e-06
1.3198649208870964e-05
3.7068842346768554e-05
4.169481109512318e-05
0.00013411569129736337
0.00011264423199237402
9.344967545093023e-06
7.990227276723671e-07
1.2629412974204828e-05
4.648346883210914e-06
9.87866007958643e-06
5.775651440506201e-05
7.030974568575351e-05
8.406551028191055e-05
0.0001120909955595609
9.147827918932615e-06
1.0199184926973381e-05
0.00016588784256965766
1.8073318954453995e-05
4.944650991706223e-05
4.234275044902521e-05
3.872788480766252e-06
5.1149192124875465e-05
1.4605181506796648e-05
3.379948432884897e-05
4.574983299226407e-05
1.9236867236244636e-05
9.147312117705558e-05
1.6499516990183844e-05
7.814011700190184e-05
6.53365194774088e-05
6.0081697348851994e-06
2.566763373804745e-05
4.527397106015083e-05
2.6398327875064742e-05
6.170398078969212e-06
4.43413912385962e-06
3.805523530715659e-05
8.756955483120765e-06
9.93259873485407e-06
8.113727156759959e-05
2.513697015581589e-05
1.4265802313031441e-05
1.264607986215394e-05
2.3083956251249848e-05
5.19697775616879e-05
7.292212472963312e-05
4.8021696383281274e-05
1.7251138418634222e-05
0.00013236880202931392
4.612238026873376e-05
0.00011521481979190305
5.238747370771111e-05
8.617213002377442e-06
8.415782932847261e-05
5.162379533213142e-05
0.00015191043657022775
9.270863188104705e-06
2.826003538682219e-06
1.5840743607535997e-05
3.052984557139874e-05
2.3677330827012368e-05
2.0366386918282527e-05
4.9058865090066555e-05
1.1082813246251421e-05
3.405326486266323e-05
3.587824071500335e-05
5.829501519814881e-06
2.2351173558911976e-06
2.611734726157201e-05
6.514196774821044e-05
1.3879158095170055e-05
1.6973252880558922e-05
5.743824734878309e-05
9.812226310889485e-07
5.887947574055101e-06
6.351727241881557e-05
2.0451660489279e-05
5.696925512671128e-05
2.994362165502812e-05
2.2840289965556698e-05
3.659852621779428e-05
2.8977256435505904e-05
3.877863712733279e-05
3.134648465179328e-05
7.472946590924422e-05
4.516936927250117e-06
0.00030731162124456664
2.904433376787914e-06
5.930272399601772e-06
5.069714508631566e-05
9.584634285721039e-05
3.564678859400727e-05
1.7890950814594326e-06
2.661628762102404e-05
5.601743533330339e-05
6.0000616887744203e-05
4.733810676586352e-06
9.359486234793087e-05
9.049153993093236e-05
1.748412471321871e-05
4.826550529975386e-05
1.3717555658253285e-05
1.2205227834048922e-05
2.6601375804999775e-05
2.8883692338072536e-06
4.178669289966138e-05
7.471974191695385e-06
7.2495082291649655e-06
6.190278876154884e-06
9.233925162303669e-07
1.6750559236158338e-06
2.8571163321106196e-05
7.591265910399405e-07
3.947744507275432e-06
2.636496372912545e-06
3.158997952980785e-06
1.7224981064396056e-05
7.243933997980591e-06
1.1001409856182902e-06
5.895123076403442e-06
1.3096895146506177e-05
5.184262774603643e-06
5.525751189498575e-06
1.1409497697888794e-05
1.2719992891289257e-06
0.00010916898038803376
1.090232197307738e-05
7.92294185923778e-06
3.449769529053428e-05
3.4331069979224015e-05
1.1131602327963198e-06
2.776666358205981e-05
2.4907873094861902e-05
4.533619764505943e-05
1.8536537223138842e-05
8.879541198895066e-07
4.142190569807886e-05
2.9646408437687662e-06
1.1181233804563743e-05
1.847881253833316e-05
2.791796825356305e-06
1.9517602044974766e-05
1.7988599211726846e-05
1.7352492175111805e-05
1.1630070482522005e-05
8.622706778188836e-06
6.365430190417059e-07
8.009249289028867e-06
6.548735900573031e-06
1.7926425046627195e-05
5.3600310917951706e-05
2.106112326367691e-06
2.3138058709620144e-06
7.360273615258687e-06
2.7950403671058543e-05
1.2003722766768364e-05
2.8143406420497625e-06
2.981473533764569e-05
8.266447440485825e-06
8.102950644733341e-06
2.387501308789433e-05
1.4278161318369312e-05
1.3054674853652972e-05
4.4409698003379366e-06
1.5323968577205787e-05
2.0203319224413958e-05
1.0924630215234642e-05
4.2301082522095135e-05
1.8920611210820263e-05
7.292495497047669e-05
8.1064721041279e-06
8.774918106991366e-07
1.1101001378508535e-05
4.776988916301281e-05
7.040133825988899e-05
1.648114536056116e-05
3.775255635862529e-05
2.027052125173285e-06
9.01041118364171e-05
7.796839416115774e-05
5.851738720369786e-06
1.659721184430153e-06
2.883448675491095e-05
0.00012847559605074255
3.267703257116363e-05
3.715497397799773e-05
2.5611325345189028e-05
2.7024892816689873e-05
6.03472780457554e-06
6.081557130498179e-06
5.593807015673179e-05
3.760891843693329e-05
8.989607484471222e-07
7.898918747166425e-06
7.545343916506145e-07
1.5176773068794257e-05
1.9747565291287632e-05
5.170280928669813e-06
6.661020760769738e-07
1.1832492902551194e-06
3.3273141653330478e-06
2.342392836864095e-05
3.039010665495089e-05
1.0404177286007737e-05
7.152167559868556e-06
4.9594936481079546e-05
2.2311101405612467e-05
1.4474153977456867e-05
3.260597312872242e-05
1.4769550181316916e-05
1.863980665074522e-05
4.6095681636575314e-05
1.0818489132398971e-05
2.547574144586619e-05
1.9309705333779407e-05
2.791854341784639e-06
7.005312674657918e-06
5.496316970219508e-05
2.7116272294673228e-05
4.2632364463462714e-05
8.75645731599724e-06
2.5718252002736305e-05
3.625949046362255e-05
1.3387209712460612e-05
4.47815541111779e-05
2.6668551457885056e-05
9.16472323919524e-06
4.920616767395325e-06
1.979268036311658e-06
3.3501811962926104e-05
4.797220756051483e-05
5.108938753059507e-05
4.184530230690247e-05
1.130319128051017e-05
2.1468801618238723e-05
6.706986301363149e-06
2.6625504779370162e-05
3.069294133787436e-05
3.6446645125041485e-05
3.755246111924759e-05
2.331446493208125e-06
1.0846518037796063e-05
6.314064507287947e-05
7.318743808850879e-05
3.5817331223434225e-05
4.773349423210515e-05
2.8982467994312392e-05
6.580385837136497e-05
5.176925254080016e-06
8.747968250345202e-07
2.817787892212181e-05
4.650384755569934e-05
5.835065704130088e-07
2.6750675401632472e-05
1.594722335345094e-05
7.85161142388712e-06
1.8015023835564794e-06
5.3351224996083584e-05
5.8210689745696214e-05
2.243974881960552e-05
8.865143900979208e-05
1.8449120735349533e-05
4.884158345873635e-06
7.321247825521853e-05
2.8654350838124588e-05
4.22137407459914e-05
2.2505677092619513e-05
5.884419468564383e-06
5.102669228143392e-05
9.61046089888186e-05
6.548219913660262e-06
2.6985083310560383e-07
6.834965775753045e-05
1.7782390286627927e-05
4.5578713885254184e-05
6.277136646254372e-06
2.6654574051099027e-05
3.386355026462779e-05
7.886308011396686e-06
1.9605116373722104e-05
1.1464056166487704e-05
5.523312999022902e-07
2.1272705622947597e-05
7.369086014595517e-06
8.576091159972053e-06
1.5065195659376206e-06
1.3422180187706006e-05
1.5605539435573688e-05
1.9714402908370923e-06
2.3265366243988728e-05
0.00012210958429324895
6.866750595395794e-06
5.03774521098524e-05
0.00011804837266550359
3.283957174805471e-05
2.6616149998779376e-05
3.1969263193949435e-05
7.4541801642549546e-06
1.6606258861368776e-05
1.1261874632915712e-06
8.378114583314049e-06
9.461047317699763e-06
4.6996736085499336e-08
2.7728833237207997e-05
3.0052837333584935e-05
2.2550230883476152e-05
6.593672057635772e-05
5.008810145576123e-05
7.738659071374004e-06
8.351265926549029e-05
4.10639572563322e-05
4.409320040015988e-05
2.8496447135230734e-06
2.0653888850800343e-05
4.387671017117585e-06
8.898667611411285e-06
3.3263741672592107e-06
4.8543152909638245e-05
2.2347826350321857e-05
2.7043891890671718e-05
1.507676310383323e-05
1.7680650426869404e-05
3.920158816489288e-06
2.7681971892129618e-06
9.681667099830679e-07
6.894641582847457e-06
6.489218934004462e-06
1.6478505894129458e-05
3.0295243185774937e-05
1.501171431421566e-05
1.781656449066764e-05
7.97376167333439e-06
8.91348515775086e-06
1.6765970720547665e-05
9.153965118183355e-05
2.8132781135210362e-05
2.3436190896468555e-05
2.8203859279510106e-05
1.251003679717682e-05
6.762582893451102e-06
2.0255760938017714e-05
3.9784714271565306e-05
7.461876455069944e-05
5.314557297754675e-05
1.7887151223001857e-05
3.479187882661616e-05
1.3546957679344456e-06
2.326169202663752e-05
6.602143130757936e-06
9.703689077258385e-06
5.0543840537523325e-05
1.0964136190556559e-05
1.7701614327935953e-05
2.1459111187238804e-05
2.8465605168038295e-06
2.54619761262506e-06
6.304848586488681e-06
1.2136570183277407e-05
1.3465493712968893e-05
1.1310786460634435e-05
4.165722978563608e-05
1.6638381388081804e-05
7.249602187803413e-07
9.224411480957499e-06
2.743611679715105e-06
3.0020423645556855e-05
2.2554505020507287e-05
5.849832639361531e-06
5.335366699818112e-06
7.590130293929779e-06
2.4377236839682e-07
4.109656453540588e-06
8.276209051558808e-06
4.603495850099489e-05
1.8107212820671765e-05
2.9691113642742166e-06
8.313857328719811e-06
2.5919104163257037e-05
4.664061758457709e-06
1.3337273465158305e-05
2.161969777416956e-05
9.483181804244106e-06
2.747387824202396e-05
2.0876983073638846e-05
1.5075056793743549e-05
4.8467492866391304e-05
1.4478245844320896e-05
3.054902846133092e-05
6.114370181332306e-07
1.6460785541518886e-05
5.956871813634991e-06
2.0626549999275272e-05
7.2447814682858836e-06
5.656264801129791e-06
5.24631669842544e-06
6.403591417626187e-06
5.246381454149805e-06
1.1892416946824564e-05
9.555605923637285e-06
2.0842899104472685e-05
3.064597503468448e-06
8.954814149654977e-07
1.2454292981252082e-05
1.7342472982463967e-06
2.188752300850472e-06
8.979109758731317e-06
2.4580319007927965e-05
5.0229840047444225e-06
5.7168517236831686e-05
1.0244924236342302e-05
2.3506889109642687e-06
7.770431367746052e-06
7.145413132184561e-06
1.0360554614373882e-05
9.698792118170358e-06
3.376277509413753e-06
2.237140878314373e-05
2.4664365901121467e-05
2.4361475461858677e-07
2.8683258850301683e-05
1.4085741398229747e-05
1.6017413136345124e-05
1.2286669661362724e-05
1.3962495417033794e-05
9.38529765320397e-06
3.1933796016374514e-06
6.1192755256793815e-06
1.1704912512312565e-06
1.1769695129626204e-06
3.584784298065096e-06
9.85970216965145e-07
5.223296492310038e-06
8.661325304636551e-06
7.928147385925648e-06
9.620831667719712e-06
1.4182246156975478e-05
2.4398356736297477e-05
7.22161560889369e-06
7.249545827925284e-06
2.637564216897104e-05
2.90252517645196e-06
5.082619861383902e-05
1.5472779173456405e-06
7.853309846489397e-07
1.931273254462762e-06
1.6627093477713585e-05
1.8287659019725014e-05
1.1880649200478623e-05
2.7965782580450035e-05
1.2222638837818858e-05
3.998414318180335e-05
1.1575817385170172e-05
3.0754454802086535e-06
1.2422585216491907e-05
2.089829307291949e-05
1.283277717849067e-05
1.2130892952109047e-05
3.698137774966335e-05
6.792199943512135e-06
1.5763267069593526e-06
3.391631106547216e-06
2.2542457201264673e-05
2.8337338497088353e-07
5.9329485030839495e-05
4.944911920692485e-06
1.2865735421887956e-05
5.417341870524081e-05
2.3227355709200288e-05
5.091974182954896e-06
4.946523215404225e-06
2.416501487634117e-05
4.848162956790095e-05
1.1415152785442523e-05
4.807250643716238e-06
3.378996299079908e-06
1.4016456907625104e-05
2.2118507875285322e-05
8.785703236429399e-06
2.6027620701056735e-05
3.979774338443021e-05
9.638783656744204e-06
3.0004781421003255e-05
5.860685170939097e-06
6.951243485938446e-05
1.4005412339888126e-05
5.151646390368004e-06
1.655298138088595e-05
8.833300043999366e-06
1.523792418790736e-05
9.434910725385277e-07
2.2218468887231725e-05
3.653049313049172e-05
3.184121530373821e-06
1.621738479045516e-05
3.6702383463853006e-05
6.388388865797112e-06
2.2529299436210006e-07
3.6445190004833855e-05
1.8096177650015905e-06
7.125321250514535e-07
6.271073660576923e-06
2.8621774755999823e-06
1.7069785708745548e-05
1.2506851596101042e-05
1.3045873397269148e-05
6.065288776816407e-05
5.292260467456905e-06
4.1459080275000166e-05
7.331080896789637e-06
4.23168405173579e-05
5.9307204914269235e-05
1.0078024732701295e-05
2.198240225513357e-06
3.3160802420280055e-06
4.9118128713825446e-06
2.2658249918836316e-05
2.0298598048580227e-05
3.0536053448409417e-06
2.9963925947375067e-05
6.577284311278932e-07
1.238188111442535e-05
2.2587856704393905e-06
3.5429061276707804e-05
2.9742233064293092e-06
3.705495753093841e-05
6.625670952850535e-06
6.190116017675209e-05
2.713726905438031e-05
3.9738988144906426e-05
2.5402868443491844e-05
5.318414253790682e-07
5.06410032419139e-07
6.730223425247439e-06
2.358019110624537e-06
1.153428330261668e-05
2.8908486163537035e-05
3.1277887853650625e-05
6.3577648714348494e-06
2.5203296579947486e-05
2.872105671373595e-07
1.9096572927809614e-05
1.021747293428667e-05
3.056295131074629e-05
1.2908812848234882e-05
4.0837464706742485e-07
2.1662530129110833e-05
1.9857722871364926e-05
1.791718242923102e-05
2.227702661572485e-06
5.264779110331015e-06
7.26343969048509e-05
1.2989282323918888e-06
4.1049296847438814e-05
1.705066750173705e-05
4.919906301720576e-07
2.8194526744297036e-05
3.470270300717022e-05
1.4678267834448334e-05
4.717790218966878e-05
4.9399513288072925e-06
9.516477931781846e-06
1.4779847870680781e-05
5.292975157236129e-05
2.3291936312899597e-05
6.777870406232992e-06
7.934175868115612e-06
3.0378746662820764e-05
2.006570538755298e-05
9.007519888831752e-06
1.5210232741066569e-05
1.437156562844187e-05
0.00010226677997957474
6.326823730065024e-05
3.0728868047697566e-05
6.2527824412753414e-06
4.007025725898003e-06
1.7889509258368835e-06
6.695324683920449e-06
3.299708219161308e-05
2.8180214081940312e-06
2.813818213525143e-05
5.324967811307441e-05
1.4438401322624628e-06
4.961841023286067e-05
3.93411340974432e-05
4.704629721350042e-05
1.7793521113533785e-05
0.00016763116208262115
1.5062414237210476e-05
1.6049043884569738e-06
6.992266270310551e-07
4.9378253397169525e-06
3.224256406225404e-05
9.655802837524518e-06
3.0350598595261306e-05
3.254224028183628e-05
4.6859514134523454e-05
1.0107723509912907e-05
8.592007681060405e-06
1.6619760490066673e-05
4.121327404523911e-06
1.531290214144876e-05
2.682177816313537e-06
1.5812967867978722e-05
2.5837280930975126e-06
8.080377612908082e-06
1.2537283630019167e-05
2.987156454658607e-05
1.6657343666624872e-05
6.027807600612179e-06
3.51744560985347e-05
9.168508450030445e-06
1.861207386691764e-05
1.6764245418376963e-05
1.079020049983367e-05
3.628295045919185e-05
6.574402255296886e-06
8.180495156994101e-06
5.78822307885112e-06
7.33559578999019e-05
2.854226562140922e-06
4.275790708352127e-05
4.32995160979577e-05
5.95732532183312e-06
8.819213736969956e-06
6.489750605902288e-06
2.8629257271329603e-05
3.395999979512184e-05
7.137596012014046e-05
2.4581426812570164e-05
4.7128900396094414e-05
6.052835094602064e-06
2.4492706446706823e-05
1.3598532289735225e-05
2.029342163847918e-05
8.14141100090913e-06
5.077729284104266e-06
1.3647438570140995e-06
6.582759392561574e-06
9.969868930267502e-06
8.46669618857218e-06
5.734976783927252e-05
1.8576648205864906e-05
3.657239088312217e-05
1.745424479729814e-05
3.746880042309448e-05
1.894280957544142e-05
2.143563841839675e-05
1.0703056143112487e-05
2.105053965972159e-06
1.9674830860439933e-05
2.6391242557908307e-05
8.514176486204034e-05
7.405665742268963e-05
3.0117335405195323e-06
2.4638309582072753e-05
2.191223967681557e-06
1.7145511563108703e-05
1.5580146667543016e-05
0.00012882537366195107
2.5098932539540525e-05
3.508554413650992e-05
5.2597062631938005e-05
2.3182458669516727e-06
4.541515008919492e-05
3.629307381696141e-05
1.531153790736639e-05
3.3375154136395716e-05
2.7807919790894403e-05
1.8205167534281237e-05
7.548445948905267e-06
1.6167601882053592e-05
5.9175773196613684e-05
3.5969727659587585e-06
2.3871461723966697e-05
5.614044048760285e-05
6.12479874662213e-05
4.132712512750355e-06
1.314846606660364e-05
2.7676746264953315e-07
2.1302050104479844e-05
9.464648968954952e-05
4.619441662414347e-05
6.038090299820146e-06
2.2053670097035552e-05
1.0800070588667175e-05
1.3856634890832728e-05
5.011887100409615e-05
7.515177039811388e-06
1.2989657716070906e-05
4.597649199378646e-05
2.925143505344615e-05
8.35123580029551e-06
1.8940341079792222e-05
8.814759069367006e-06
1.0229407623449466e-06
1.1361318805922495e-05
5.192502386450321e-05
2.2902128941975002e-06
1.0394664692432288e-05
5.291708138755133e-05
1.9201807976226673e-05
1.6182716488399852e-07
6.345046905223491e-06
4.9935450852700505e-05
4.5205992617185e-05
2.6340999663356405e-05
5.145715975286713e-05
6.79930481285477e-06
5.772579069499842e-07
5.1398963851782714e-05
2.387903685224566e-05
2.8029551571484987e-05
1.1123071764077842e-06
4.488138718731822e-05
6.507723213141633e-07
2.4946147357953288e-05
8.268542270935462e-06
2.3000630981312382e-05
3.3834279504210434e-05
4.977650279885879e-05
7.659087432973587e-05
9.121424953821923e-05
1.5877377316342467e-05
6.126132275381033e-05
3.4905917591009036e-06
3.3042674125303644e-06
5.08918899862341e-06
1.333070282894198e-05
2.113742016896491e-05
8.411762207640978e-06
6.584747575854374e-06
3.00589900357474e-05
2.7873065262455622e-05
1.4980994632933872e-05
2.1699419725049123e-05
6.012039737583638e-06
5.051309334171011e-06
1.3775669366361753e-05
1.855760293674134e-05
2.8272689725123664e-05
1.828810126023183e-05
1.825338525763302e-05
2.1298451927664042e-05
1.5015246574497034e-05
4.298459366197644e-06
2.1962511191216493e-07
1.5464069230055546e-05
1.1267117736405229e-05
2.1489303130071507e-05
3.7684379826239403e-06
1.6733492984744573e-05
8.121756814696581e-05
2.8480611615247423e-05
6.32542760699152e-05
2.193528887201419e-05
8.661942501033958e-06
4.797335787057044e-06
2.935552814347068e-05
4.303838892652156e-06
2.3468489266729595e-05
1.2737770377647307e-05
1.5911022424615693e-05
2.0328893044557387e-07
3.4394539227016052e-06
1.0124802706156015e-05
9.037823961881734e-06
5.681974311532676e-06
5.100003313787441e-05
8.879071068812044e-06
5.559313197086007e-07
3.273706924596251e-05
3.659835022393613e-07
1.6405709231335536e-05
3.3160406634978003e-06
9.41728652386459e-06
3.0647005663521986e-06
7.402339392705454e-05
1.334438528151377e-06
1.76298058632452e-05
2.4952750940330336e-05
7.663569848075257e-07
6.443354474240362e-05
1.1474805943863824e-05
2.6220973063616157e-05
4.053489753732538e-05
1.981698181856027e-06
9.768409394087479e-06
5.6744101782877134e-05
5.480542263542802e-06
5.312961674081507e-05
3.7332963341823184e-05
1.4570138276211496e-05
1.2811555419112815e-05
4.590255548783081e-05
5.6129995530392505e-06
4.334726021939434e-05
9.358993142584494e-07
5.314296658755125e-06
1.925525296325094e-05
1.2603579865295136e-06
6.0955447322902164e-05
7.668197689691826e-06
1.873014995551241e-05
1.8940321069080378e-05
3.070931672026349e-05
3.2683869332376066e-06
0.00010244022631688238
1.8315625682438836e-05
2.4845883953973803e-05
2.798988901160056e-06
2.7756776196277737e-05
1.588860444059051e-05
4.3719795029408006e-06
2.1751982562614392e-06
2.136447956577707e-05
2.233527332197502e-06
9.890186613449591e-06
2.788556699697679e-06
9.239182351315431e-08
5.7041410711835755e-05
3.7408487467942854e-05
1.43424230901276e-05
1.2688554859115784e-05
1.2519295684057793e-05
2.1148505285640556e-05
1.462944014418219e-05
5.334999105402532e-06
1.087325346284169e-05
2.7835570757578637e-05
1.4343181620339114e-06
2.499693589241002e-05
1.397768770911314e-05
2.2656966700317514e-05
1.1064287868891025e-05
3.076245184672088e-05
1.6433879565730196e-05
5.809955533815435e-06
1.2922011409679519e-05
5.780572610446442e-05
8.616523039020464e-06
2.4215115422508867e-06
3.8910015842857935e-06
8.472839685962301e-05
1.1774964892013093e-05
3.1754078232658004e-05
3.340238164671891e-05
5.3705254072069395e-06
3.272979407359798e-05
1.672650756642636e-06
1.7679303187181468e-06
1.448012579204426e-05
4.113807439038095e-06
2.9157746089201585e-05
4.992797881163465e-06
1.4561740155596472e-05
2.722170706619219e-05
0.00012444971245807507
3.5952137810446744e-06
6.929624001319834e-05
5.123055165284399e-06
3.60277921821454e-05
8.400922612708796e-05
1.7679053048831496e-06
1.5164548415136072e-05
3.9439726783017964e-05
1.9692700732973905e-05
1.698028442663246e-05
1.7773624984024363e-05
1.865303074400113e-05
1.3802576759226296e-06
8.161433438273963e-06
5.9051523031829414e-06
1.0020235636681592e-05
4.634531648891701e-06
2.1892494087937783e-05
3.688176928680957e-05
1.8640069848169686e-05
1.3747648608424354e-05
3.1753130983426524e-05
1.5471350929058054e-06
5.012402998599839e-05
4.27153794089484e-05
4.6581054724361575e-06
2.6957806962914533e-05
5.064867337277678e-06
6.277362553698623e-06
5.65469732764737e-05
3.4580825634162835e-05
2.6888339841968583e-05
6.019745647035504e-06
2.8519444586158504e-06
5.970731313562489e-06
2.985350868171713e-05
6.162872845079543e-06
5.005699609339083e-06
5.8591492756426105e-05
1.1768595272588503e-05
3.510344485900492e-05
3.501222461528842e-05
1.8575582158274838e-05
2.8236647917742053e-05
6.414867191168997e-06
1.3549091217638068e-05
1.0380935517750613e-05
1.3466191781423288e-05
2.2565134326928068e-05
1.499155473723397e-05
1.381705807377093e-05
3.590396944112184e-06
2.2972020400760762e-05
4.34863265127208e-06
1.96335192612637e-05
3.1262999894274556e-05
1.9132738469290288e-05
6.917576982648978e-06
2.2740605057252454e-06
3.4713446359990207e-05
1.3168930412967756e-05
1.5854293465793606e-06
2.9228970526885625e-05
9.37722818728322e-06
1.9614912802111612e-05
5.911037765033125e-06
1.0272023080971512e-05
2.2282772661441692e-05
1.4905864489041125e-05
1.130001774790703e-05
1.8001432649594786e-05
2.1255555633642084e-06
2.0577561794891183e-06
2.2456819927157216e-05
1.0641207412563663e-05
7.921715615360934e-08
3.30979817700939e-06
2.0548673661820572e-05
1.1511644656115775e-05
5.263754388508342e-08
6.080005573202979e-06
1.8310151090633998e-06
8.213919275061242e-07
5.108619135001373e-06
4.5863636304645284e-05
1.4280856373911662e-05
6.754200797526827e-07
8.258757866658515e-06
2.593815971797093e-06
7.06413669777487e-06
2.7483465305889137e-06
5.2343245374612505e-06
8.590756774899268e-06
7.980170686063698e-07
2.696526554488197e-06
5.5046456202080394e-06
6.695178534788479e-06
3.5876977398769755e-05
1.113935477858037e-05
4.136946769004826e-06
5.02493078960123e-06
1.220890138302242e-06
7.838833779402112e-06
3.793923099493306e-06
3.952973461065063e-06
3.981647689399304e-06
4.614322323689502e-05
5.318704839392011e-07
4.732258385099273e-06
5.0560723553823206e-06
3.0817613634138798e-06
7.131318125401354e-06
1.145803395191864e-06
4.833461580080808e-07
2.886533283017427e-06
4.943184651226695e-07
5.30537131578812e-06
2.4721778788640916e-06
3.594629802160284e-05
4.169631261699434e-05
1.5559147010577413e-07
2.728991847205882e-05
5.35882585650701e-07
1.815068565650751e-05
5.9585580344378026e-06
3.3850402814091057e-07
2.627982326789827e-06
1.843312059726002e-06
1.675730873959764e-06
5.07330808155449e-06
1.2505950182269956e-06
1.687644025201031e-05
3.595830727811928e-06
4.284335453965671e-06
5.6144274170042434e-06
8.22058950053103e-06
6.724045147285164e-06
6.380696871985673e-06
5.407910510327772e-06
1.4676270460420827e-06
1.7910616297051538e-06
7.300168757688851e-07
4.839652744813297e-06
1.8948894073715866e-06
1.8485060766572153e-05
5.042485143646235e-07
9.383374711807259e-06
6.309719652946557e-06
1.077258233653303e-05
1.0078287656106494e-05
2.5172186377176654e-05
3.36638102345175e-05
5.44278937320614e-06
3.245378280444504e-06
4.828426654129734e-06
9.293382869299899e-06
1.082294507430379e-05
2.0354474312483665e-07
4.008397445614328e-06
1.201315109919566e-05
1.7153669159600264e-07
1.0635554842002103e-05
6.196931939100574e-06
7.352481959490821e-06
1.4065749599351576e-05
2.170579271122707e-06
1.0497123084553556e-05
1.1747870797625486e-05
1.2126265357042993e-06
1.5326819325865873e-05
1.6827605478680425e-06
1.3056083728812212e-06
1.2471529051076562e-06
1.6787583785930906e-05
1.8735350279912232e-05
3.271099021804286e-06
1.5556109515842094e-06
1.1967705779169067e-05
2.771166399163025e-05
1.1906746283309956e-05
3.222608752556088e-05
2.881112602771587e-06
7.023593321907937e-06
2.669442462468221e-06
1.7564470435892454e-05
1.2463901968282021e-05
6.921389426121128e-08
1.8069693031684103e-05
5.484770131382469e-06
1.030996294470916e-06
1.0463244129712076e-05
5.07543889325947e-06
6.392339369459691e-06
4.574529303533186e-05
3.177364951899611e-06
1.1843329318413544e-05
8.120656533348168e-06
3.8858131114451584e-05
2.1700337266355256e-06
2.8125598188281602e-05
3.07382844513764e-05
1.4920353115556404e-05
7.016640895438868e-05
1.586149777839125e-05
1.1272290000688412e-05
2.814431647704734e-06
1.734717735737528e-05
1.4643315845802863e-06
7.493395118818683e-06
2.413341745426843e-06
3.0243289872778133e-05
1.1590350702544183e-05
7.364062633312637e-05
9.055619707962401e-06
1.9828587636916545e-05
2.9570814553594154e-05
3.8020057036263455e-06
1.2873660610391592e-05
4.220618769331226e-06
3.4555016166893064e-05
2.5323843536859864e-05
3.8987685708834325e-06
1.292217529633925e-05
9.453266952203784e-06
3.004414646224948e-06
2.2865339301290612e-06
6.28898759287451e-06
1.080935151032784e-05
2.6119275333166624e-05
2.155417817645167e-05
4.127355693701711e-06
8.101121401177845e-07
1.2385273087055975e-05
4.571688383090578e-06
1.6996658349991735e-05
1.4863927889462688e-05
7.884052485959905e-06
2.2703371113663687e-05
5.036168413497043e-06
2.7693607276297188e-05
3.447021651055765e-07
4.001180206312163e-05
9.221862813066777e-06
3.7459571479730795e-05
7.269551535475868e-06
2.9786084283353543e-05
1.3841584941918592e-05
1.6193984043266667e-05
1.0151716839155204e-05
1.2287482886204836e-05
6.029183383899615e-06
7.304213626216482e-06
5.504376067096407e-05
7.4932691078719185e-06
1.176981617223984e-05
3.3036351287457655e-06
5.843754950253121e-06
2.2989149992826583e-05
1.898338796436409e-05
3.969046345540908e-06
2.1100643050315756e-05
1.7794726197154902e-06
2.4826596933522075e-05
5.975852107368041e-06
5.992295566707318e-06
2.000876426214296e-05
2.3857270676867885e-05
1.001880997356772e-05
7.3997046348978195e-06
5.802444597607165e-06
1.0158363783608602e-05
5.679705831061673e-06
9.111860144929388e-06
4.208631534561476e-06
1.219404704208736e-05
2.2983482469107256e-06
2.8964438899872357e-05
7.015925815547403e-06
7.789936687605736e-07
2.2817965599965044e-06
1.0753543366954728e-05
7.46361439316793e-06
1.4383114965723313e-05
1.2463612935407242e-05
3.420114169913097e-05
1.691725724449321e-05
5.8020325833330676e-06
6.663704878037889e-06
6.6210352802092695e-06
7.770792711781111e-06
9.559215556237152e-06
7.773361651594495e-06
4.222177488479428e-06
1.9039512043888764e-05
1.2638294139923574e-05
1.9335393447178602e-05
9.09426705427502e-07
2.1419794805709887e-05
1.969289646215948e-05
1.346694088207445e-05
8.207532323504227e-06
2.0124800764557244e-06
4.666507729526948e-05
2.283405010476343e-05
1.6264177799161725e-05
3.829809100370037e-05
5.113439347041306e-06
6.4406788289547475e-06
5.509137113808331e-05
1.2224022016893715e-05
4.29941917943786e-06
3.0153054481862304e-05
1.1332426757452914e-05
7.044951080365969e-07
1.2749007077215838e-06
7.572599004182622e-06
6.755049732202567e-06
3.930775535631902e-06
2.1865113020817224e-06
5.088200754498188e-06
3.03993822508782e-07
8.199748234402261e-07
7.375875565632636e-07
8.057478066786041e-06
6.615459432455572e-06
9.072826665996972e-06
1.1945817027309545e-05
1.4897576501274897e-05
1.7659646998667974e-05
1.5659182769307561e-06
6.476692855258291e-06
5.347419893623857e-06
3.410903116342027e-06
4.484435114376459e-05
3.337263375674626e-05
8.99457004173734e-06
5.00031441380449e-07
7.139277544431684e-07
2.5686449832960644e-06
5.675682433868103e-07
8.029212082498878e-06
8.730448660442009e-06
1.0376803690793188e-06
2.639511635638066e-05
1.859511220745909e-05
1.4303839777803196e-05
1.0525429691287575e-06
4.066036189809082e-06
5.199329796103617e-06
2.2608832252502433e-05
1.9742132793229488e-06
4.748753916360495e-06
5.4553353334570963e-05
1.17485538142713e-05
2.1033668771825725e-06
5.470439611249747e-06
2.452366985304398e-05
1.8503970951666154e-05
2.0148279817269342e-05
1.4348446658128138e-05
3.8748905296647606e-06
7.583076556032793e-06
2.8731909281604625e-07
1.373817219242996e-05
8.106137098734599e-06
3.6691661564374777e-06
1.9067744372451653e-05
7.35442113576888e-06
3.616269862127004e-05
1.4302518207863947e-05
4.860368020724419e-06
5.039320674504114e-06
2.8294134895182377e-06
1.4721536964866702e-05
4.290376571014656e-06
9.3659572111775e-06
1.805291794444548e-06
4.17595342948254e-07
1.524372838487152e-05
1.0162186711858767e-05
5.966484849730362e-07
3.2232570434957085e-06
2.94030493385676e-06
1.3695462278061483e-05
3.2151384306098024e-05
5.248442146734281e-06
6.004609197923984e-07
7.033308701313743e-06
3.9667471022874606e-05
6.500464029181212e-06
1.4603091894397093e-05
2.6047178380181465e-05
1.9186591323997924e-05
3.0165959822688606e-06
1.3325390307348606e-05
7.295706973370343e-06
2.1564084315623218e-05
1.5697795509664366e-05
8.534999133750347e-06
1.6455940549607413e-05
6.2293334618791964e-06
2.9431633766647198e-05
4.691528300227205e-06
6.90332190985203e-05
1.1760629760430363e-06
7.633279843544884e-06
1.6862865406800552e-06
1.5988971770615623e-05
6.761247234569281e-07
3.084392664583292e-05
1.2502039475637758e-05
2.4918412161203517e-05
1.905406914283793e-05
2.0972135275797374e-06
4.767593004910193e-06
1.2831514084442108e-05
2.155074105824211e-06
7.618418132992835e-10
2.0845368565573322e-05
6.241485137249171e-05
1.5216547624848321e-06
1.5045386036194141e-05
2.728982766595025e-05
6.087326892779802e-05
2.9115945163802613e-06
4.274100556666325e-06
3.930062281966683e-05
1.4595329668115909e-05
3.6917249333930746e-05
1.8345923378197267e-06
3.287572163237034e-05
1.4925530330222281e-05
1.4482786777747397e-05
3.447796435123068e-05
2.4488350348145955e-05
1.7663382935938456e-05
5.261735755924329e-06
9.397787683776667e-06
3.343650674718727e-06
8.54946732778022e-06
3.0764194575216296e-05
3.3693908778632876e-06
7.641467668197207e-06
1.4196202174863018e-05
1.0093853911332606e-05
5.098275254105852e-05
5.3107392682104205e-05
2.0661188643358168e-05
1.0032238883779299e-05
1.0596877396097169e-06
4.363555988350778e-06
4.947486475862765e-06
1.7439326664084804e-06
8.451036417336977e-05
8.270885825978401e-05
5.046233679264689e-05
2.425548876402739e-05
1.6062698769073525e-05
9.121142662295796e-06
7.091154939828571e-05
3.0404932669936967e-05
1.886476026911646e-05
2.950698050761749e-06
2.340278146611786e-05
3.319559395689087e-06
1.1497993165610145e-06
1.399493504414932e-06
1.2637587431642505e-05
8.48389944366773e-06
7.137427355087752e-06
4.440398741576204e-05
7.677893143022237e-05
1.2217918381679109e-05
3.431806080606221e-07
7.012969162582445e-07
2.6727988610626366e-05
1.3093181116282557e-05
4.2471276392498665e-05
1.1338116838822722e-05
4.683452265651738e-05
6.424045173946293e-05
7.163373420264815e-06
9.712747100423184e-06
4.379785759661031e-05
1.263298200578234e-05
1.1898910126775633e-05
6.337005070598702e-06
3.2134660234890916e-05
4.660914341113843e-05
4.16246660567286e-06
3.687927281362051e-05
1.5560265788389097e-05
5.2485176118089955e-06
4.987638452716759e-05
9.117398253297186e-05
8.97687493845099e-05
3.1884644667561947e-06
7.013876120788413e-06
9.003214370365316e-06
9.395813197952692e-06
5.953527085159304e-05
0.00013639892998169693
3.4361060204785552e-06
8.775507976990302e-06
9.702065747628448e-06
4.6907611089828096e-05
5.81224692168139e-05
4.192197233292144e-06
1.3191911280318235e-05
4.038361731049132e-05
7.32361426375378e-05
1.9099679555474156e-06
2.99432157664743e-06
0.0002138311551245747
0.0001103776354226182
1.1983965488697305e-06
3.643384131048968e-05
3.820998094869695e-06
3.266091003362249e-05
4.303534731952608e-05
7.317591711555193e-06
8.63153111371546e-05
7.272647697216728e-06
5.083317973822482e-06
2.450494886882816e-05
1.0235913348690723e-05
8.94209019041406e-06
5.262608178299179e-06
4.1514693538487364e-05
4.2604670487177695e-05
8.620403904495848e-06
5.4472583208571846e-05
1.177780036563171e-05
7.448278355689284e-05
7.85404381188234e-06
9.799543730308769e-05
0.00015754588440234683
6.655202752597389e-07
6.048815186515891e-05
1.501152814849892e-05
1.9255056665195468e-06
3.0084110494233807e-05
6.762780028479875e-05
0.00017326061129520223
5.910591139536809e-05
0.00019416439314713307
8.450000853769614e-05
2.7057343017247194e-05
0.00010132743472753628
6.987248011319768e-05
6.48488708107689e-06
1.219116625126195e-05
5.691218825761281e-05
2.4644253615423286e-05
1.6062185491125765e-05
2.2020209216431363e-05
0.00012048820415725526
1.1493707841415867e-06
3.913801660431452e-05
0.00010370075691885877
1.0285317452857484e-05
4.41037977129374e-06
6.250662899077875e-05
0.00017712176371840536
3.45207031239886e-05
1.4397955793087726e-05
1.4255335508500702e-05
6.606574560070777e-06
2.553477851353304e-05
5.7919395769031336e-05
5.911689584181713e-05
2.935659341324247e-05
7.023634604406613e-05
0.00011107485563528098
0.0001260517092248528
2.3302140790975844e-05
9.090184183157227e-05
2.1134832073427633e-05
7.376141007687393e-05
2.172150866571612e-05
2.36490283190347e-05
7.479649347592944e-05
3.36976212966005e-05
2.1704888260774655e-05
1.3837814736775929e-05
1.9050810081983805e-05
7.773028811365154e-05
2.1067467798312003e-06
7.329358583785315e-05
2.091271998803886e-05
2.9309268550831777e-05
6.530660407775037e-05
5.0732201872837784e-05
8.457326981472145e-05
2.684060213257755e-05
9.179299307612934e-05
1.152984045105897e-05
1.782215769563999e-05
1.60201951502233e-05
2.1818476626282743e-06
0.00011075522957481298
7.884631655063972e-05
4.623274289436529e-05
0.00010561091667442038
6.108953967018064e-05
6.42579167518494e-07
0.0001435424463277828
0.00013058894406218932
7.65690829696712e-06
5.602242964631116e-05
0.00017695224235997223
0.00010331442027379288
5.9830746088666035e-05
0.00010503916998922324
1.9028668358834018e-05
2.263643501969129e-05
1.858214014064719e-05
5.237746456563322e-05
0.00011093036476409359
5.955425726056031e-06
5.706591015787964e-06
9.554307444939053e-05
9.149856320143897e-05
1.4995241217368931e-05
1.5039066016046629e-07
4.7163611596021124e-05
3.99887795072711e-05
6.58149596297573e-05
4.815994486918937e-05
5.0090962394114233e-05
9.319333871671063e-05
2.6465702150091746e-05
3.7645901396637226e-05
4.25615875306662e-05
7.36175844102873e-06
3.6233318091281847e-06
2.7647118268414937e-05
8.200634295530407e-06
6.926225835466427e-05
1.0835873022079862e-05
0.00013118511644032147
5.947675380643257e-07
3.14740632129132e-05
7.5197085316404966e-06
2.0072599010117228e-05
2.471608801661324e-05
6.356639888739784e-06
4.420479150415912e-05
8.424957883584547e-06
2.1705396411669078e-05
1.4532386905036393e-05
2.5563396885274908e-05
5.194790443962066e-05
3.2983809156099073e-06
2.4879642021868005e-06
1.3659007973766085e-05
0.000110206572875735
5.488953762325687e-05
2.239935901480434e-05
2.536590952777807e-05
1.591893807084899e-05
1.7177106057218084e-05
1.3287469368614185e-05
1.5892575171348357e-05
2.54140083083235e-06
3.360738062065308e-05
3.588561738770518e-05
1.9066102889861758e-05
3.075760957060424e-05
1.8465798518210417e-05
2.0265638326786153e-05
3.639275729484519e-05
1.0046102843593659e-05
1.444800847347113e-06
8.641860194958588e-08
3.600729930017095e-05
5.5410127962025416e-05
0.00014264861295863678
2.2243668182645614e-06
2.1426005640508674e-05
6.444726996545863e-06
3.211528823209982e-06
4.571939785370549e-06
1.897756375566531e-05
5.7812708964633096e-06
3.0119413677982695e-05
2.7160032212126325e-05
6.522698536911078e-05
1.8342252599435484e-05
1.2696085269583192e-06
3.3711630925009004e-05
1.6568351607589e-05
1.3633105338193795e-05
1.56439957702815e-05
2.852772440405714e-06
5.6176312622090125e-06
