0.22897578534031413
0.22218586387434555
0.20394306282722513
0.1849640052356021
0.1674574607329843
0.14962369109947643
0.1356348167539267
0.14618782722513088
0.1707297120418848
0.20361583769633507
0.24901832460732984
0.2934391361256545
0.33049738219895286
0.33532395287958117
0.32804319371727747
0.31945353403141363
0.30767342931937175
0.3010471204188482
0.294011780104712
0.2864037958115183
0.2723331151832461
0.25466295811518325
0.240755890052356
0.22668520942408377
0.21204188481675393
0.2018160994764398
0.19085405759162305
0.17604712041884818
0.1706479057591623
0.16541230366492146
0.15829515706806283
0.15093259162303665
0.14905104712041886
0.14716950261780104
0.15821335078534032
0.1776014397905759
0.1924901832460733
0.19780759162303665
0.2044339005235602
0.20140706806282724
0.2005890052356021
0.20713350785340315
0.21449607329842932
0.23412958115183247
0.265461387434555
0.3037467277486911
0.33278795811518325
0.3536485602094241
0.3790085078534031
0.3725458115183246
0.35127617801047123
0.3288612565445026
0.3125
0.2949116492146597
0.28959424083769636
0.28607657068062825
0.27372382198952877
0.253026832460733
0.23085732984293195
0.20893324607329844
0.1818553664921466
0.15625
0.13612565445026178
0.12131871727748691
0.10929319371727748
0.10176701570680628
0.09105039267015706
0.07796138743455497
0.06593586387434555
0.05922774869109947
0.05333769633507853
0.05423756544502618
0.061272905759162305
0.06585405759162304
0.065690445026178
0.06798102094240838
0.07517997382198953
0.07779777486910995
0.08237892670157068
0.09710405759162304
0.11886452879581152
0.162630890052356
0.20836060209424084
0.24525523560209425
0.32027159685863876
0.40289594240837695
0.46425065445026176
0.5058082460732984
0.5326407068062827
0.5498200261780105
0.5181609947643979
0.4803664921465969
0.43700916230366493
0.38252617801047123
0.3331969895287958
0.2913939790575916
0.25736256544502617
0.23012107329842932
0.2100785340314136
0.18291884816753926
0.15600458115183247
0.13473494764397906
0.11264725130890052
0.09546793193717278
0.0831151832460733
0.06986256544502618
0.059718586387434554
0.04924738219895288
0.049983638743455495
0.05505562827225131
0.05423756544502618
0.05481020942408377
0.05783704188481675
0.05791884816753927
0.05652814136125654
0.05693717277486911
0.06225458115183246
0.06896269633507854
0.0831151832460733
0.09661321989528796
0.11052028795811518
0.12720876963350786
0.14888743455497383
0.16778468586387435
0.18267342931937172
0.196907722513089
0.26652486910994766
0.3226439790575916
0.36215641361256545
0.38907068062827227
0.39888743455497383
0.38915248691099474
0.3450589005235602
0.31585405759162305
0.2898396596858639
0.27045157068062825
0.2568717277486911
0.2494273560209424
0.2430464659685864
0.2361747382198953
0.23462041884816753
0.22963023560209425
0.21711387434554974
0.19829842931937172
0.18193717277486912
0.1612401832460733
0.1382526178010471
0.12033704188481675
0.10757526178010471
0.09620418848167539
0.08254253926701571
0.07117146596858638
0.06601767015706807
0.06552683246073299
0.07722513089005235
0.09882198952879581
0.12360929319371727
0.15019633507853403
0.1699934554973822
0.18766361256544503
0.19960732984293195
0.21269633507853403
0.22987565445026178
0.23658376963350786
0.2400196335078534
0.29033049738219896
0.32845222513089006
0.35929319371727747
0.38342604712041883
0.39455170157068065
0.39839659685863876
0.35209424083769636
0.3119273560209424
0.27830497382198954
0.25
0.2211223821989529
0.19658049738219896
0.17162958115183247
0.15273232984293195
0.13678010471204188
0.12966295811518325
0.12033704188481675
0.1081479057591623
0.10029450261780105
0.0943226439790576
0.08630562827225131
0.07837041884816753
0.07894306282722513
0.08802356020942409
0.10299410994764398
0.1237729057591623
0.14512434554973822
0.17334751308900523
0.2006708115183246
0.2143324607329843
0.23069371727748691
0.23805628272251309
0.23347513089005237
0.22603075916230367
0.21915903141361257
0.21416884816753926
0.20287958115183247
0.20337041884816753
0.2574443717277487
0.28722185863874344
0.3300065445026178
0.3628108638743455
0.39111583769633507
0.3967604712041885
0.3567571989528796
0.32779777486910994
0.3069371727748691
0.28992146596858637
0.268651832460733
0.2395287958115183
0.2168684554973822
0.19666230366492146
0.1825098167539267
0.17383835078534032
0.16516688481675393
0.15976767015706805
0.1580497382198953
0.15011452879581152
0.13293520942408377
0.11976439790575916
0.10847513089005235
0.09178664921465969
0.07763416230366492
0.06732657068062828
0.06479057591623037
0.060782068062827224
0.05317408376963351
0.049410994764397906
0.045402486910994765
0.04343913612565445
0.05350130890052356
0.0662630890052356
0.08196989528795812
0.09636780104712042
0.1088023560209424
0.12205497382198953
0.13833442408376964
0.16148560209424084
0.18283704188481675
0.21580497382198952
0.2643160994764398
0.34039594240837695
0.4011780104712042
0.43856348167539266
0.4601603403141361
0.4829842931937173
0.4748854712041885
0.4348003926701571
0.3814626963350785
0.3223985602094241
0.2762598167539267
0.23732002617801048
0.20386125654450263
0.1823462041884817
0.15984947643979058
0.14422447643979058
0.1348985602094241
0.13669829842931938
0.1425065445026178
0.15248691099476439
0.159276832460733
0.16819371727748691
0.17277486910994763
0.1706479057591623
0.16991164921465968
0.16770287958115182
0.16737565445026178
0.16860274869109948
0.17334751308900523
0.17637434554973822
0.17833769633507854
0.1805464659685864
0.18021924083769633
0.18013743455497383
0.23854712041884818
0.2873854712041885
0.32918848167539266
0.3631380890052356
0.38252617801047123
0.3743455497382199
0.3328697643979058
0.2955660994764398
0.2630890052356021
0.23633835078534032
0.21891361256544503
0.21138743455497383
0.20729712041884818
0.22046793193717276
0.2367473821989529
0.240592277486911
0.23797447643979058
0.2320026178010471
0.22521269633507854
0.224967277486911
0.21490510471204188
0.19518979057591623
0.19960732984293195
0.21097840314136126
0.2181773560209424
0.21891361256544503
0.22161321989528796
0.23036649214659685
0.2393651832460733
0.24541884816753926
0.2468913612565445
0.27143324607329844
0.31143651832460734
0.33736910994764396
0.35111256544502617
0.3557755235602094
0.34612238219895286
0.28910340314136124
0.24517342931937172
0.21277814136125656
0.18578206806282724
0.165657722513089
0.15019633507853403
0.13694371727748691
0.1300719895287958
0.12385471204188482
0.11330170157068063
0.10242146596858638
0.09677683246073299
0.08851439790575916
0.08417866492146597
0.08638743455497382
0.08753272251308901
0.09375
0.1018488219895288
0.11207460732984294
0.1181282722513089
0.13113547120418848
0.1587859947643979
0.18733638743455497
0.21858638743455497
0.25662630890052357
0.31200916230366493
0.3682100785340314
0.4100130890052356
0.4480530104712042
0.46392342931937175
0.456151832460733
0.43782722513089006
0.41034031413612565
0.3817081151832461
0.3532395287958115
0.32149869109947643
0.2937663612565445
0.26284358638743455
0.22431282722513088
0.18651832460732984
0.15526832460732984
0.12647251308900523
0.10233965968586388
0.08614201570680628
0.07804319371727748
0.06994437172774869
0.06258180628272252
0.05783704188481675
0.051865183246073296
0.05759162303664921
0.06650850785340315
0.0693717277486911
0.07174410994764398
0.07223494764397906
0.07624345549738219
0.08434227748691099
0.09947643979057591
0.11493782722513089
0.1255726439790576
0.13653468586387435
0.1488056282722513
0.15968586387434555
0.18848167539267016
0.25466295811518325
0.3092277486910995
0.34784031413612565
0.37352748691099474
0.39357002617801046
0.3884980366492147
0.3538121727748691
0.3243619109947644
0.29221204188481675
0.2614528795811518
0.24083769633507854
0.22954842931937172
0.22267670157068062
0.21204188481675393
0.20026178010471204
0.19159031413612565
0.174901832460733
0.14708769633507854
0.12401832460732984
0.10708442408376963
0.09072316753926701
0.0737892670157068
0.060536649214659684
0.05137434554973822
0.04442081151832461
0.03836714659685864
0.03493128272251309
0.034604057591623036
0.03476767015706806
0.033540575916230365
0.03640379581151833
0.04384816753926701
0.056282722513089
0.07346204188481675
0.09047774869109948
0.10479384816753927
0.12360929319371727
0.14921465968586387
0.17236583769633507
0.19273560209424084
0.21416884816753926
0.24206479057591623
0.26971531413612565
0.2868128272251309
0.3525032722513089
0.39512434554973824
0.41524869109947643
0.4289103403141361
0.42670157068062825
0.36788285340314136
0.3125
0.2682428010471204
0.23159358638743455
0.19944371727748691
0.17220222513089006
0.150032722513089
0.12769960732984292
0.10822971204188482
0.0931773560209424
0.0774705497382199
0.0637270942408377
0.052110602094240836
0.04213023560209424
0.03714005235602094
0.03362238219895288
0.026014397905759164
0.023642015706806283
0.023887434554973823
0.024460078534031413
0.030677356020942407
0.03861256544502618
0.046956806282722516
0.05734620418848167
0.061518324607329845
0.06986256544502618
0.08785994764397906
0.10013089005235602
0.10315772251308901
0.11714659685863875
0.1354712041884817
0.16287630890052357
0.1949443717277487
0.22774869109947643
0.2526178010471204
0.318553664921466
0.3723821989528796
0.41091295811518325
0.43087369109947643
0.44159031413612565
0.4031413612565445
0.3645287958115183
0.3336060209424084
0.29736583769633507
0.26472513089005234
0.23764725130890052
0.22218586387434555
0.21842277486910994
0.20926047120418848
0.20345222513089006
0.20279777486910994
0.19960732984293195
0.1881544502617801
0.18046465968586387
0.16909358638743455
0.15764070680628273
0.14332460732984292
0.12974476439790575
0.11477421465968586
0.10233965968586388
0.10323952879581152
0.11338350785340315
0.12393651832460734
0.14201570680628273
0.1606675392670157
0.16982984293193717
0.1719568062827225
0.17449280104712042
0.18283704188481675
0.252863219895288
0.2981020942408377
0.3348331151832461
