12.893090382803718
2.193629120016364
11.114401546825217
2.807725054625126
0.33591391179634805
0.40336748142035145
6.306354192242257
2.1947313244499465
4.6464402560897495
0.4023965095530386
7.662389980532516
9.161545419408224
18.085808301840625
0.14471451265779975
3.8063897932375097
3.005667326656929
12.922375855458096
5.4589875623260244
9.461672881902896
1.2243955009896874
4.5102078420950455
4.615103443753037
12.987161136994557
0.07699242012124846
0.022388977375082792
22.3853805205398
4.736041607929801
4.8167900343609515
13.097141879941258
6.716600016484087
22.792124043149396
5.516900451604124
5.3745114872271875
9.080293356433225
1.299919441365768
4.952180228925606
7.343770136962851
20.167919168665463
9.979426012322765
3.0260052794558714
28.720504253949194
9.49739252051306
2.2353716839497997
9.004761462320317
16.085156664105405
2.351582967993744
17.646903998284014
12.365662712140544
0.5462741174193312
5.003724617441104
0.07050220196897769
3.261166583721586
4.183698314224763
3.693503296572126
8.667644661555853
1.7331677910550434
3.2097642334772263
6.336684720478803
1.1505569776951163
16.638157585823983
8.926366998586385
18.385993144500056
12.985701277378581
1.5475179709705054
21.090726281893925
3.7567389913558005
11.874138187412974
1.854712114594285
14.57486990765187
32.349168853436616
13.332999268992957
42.50847917570252
7.242584228051369
39.91293059621721
8.281657938890909
0.551544305611214
5.302699510156079
9.673263629334542
5.381481221204867
21.09091630956581
29.14157008516474
3.749802920371488
20.51919173060932
0.7360425046663274
18.113842502963937
19.695579301266804
2.328117429751063
3.388434665389045
12.095032299630134
5.214084085549103
8.584311745142628
3.514086015471576
58.08468725921999
2.130235865113379
0.26647455474924575
23.533109393907367
17.98165472324799
4.1488389872586735
2.4485453847252607
43.79078579302672
17.286506126666364
4.758072170102949
57.111038336125496
57.71886721815994
28.89415672272474
11.17640570249032
19.25779655540839
2.5531937707126215
11.048847628788435
28.52420996326603
7.092776469048476
45.57013110705611
9.296734764132323
47.250513236997605
11.092272885625132
7.613485625050262
7.9966174492299125
16.666083045286964
88.9835307741358
7.682002277788998
6.6074995924098054
29.18495278393477
105.06342166505246
39.959206728821336
18.93370544523807
19.897497726540404
9.813844630273545
7.316103850163291
25.178138333759097
1.0742849281475575
62.7460742978896
34.470340357880026
5.701267617800083
9.050066703823632
6.956299269445604
47.92244448949311
16.742974287386843
9.682056954503976
71.11373610627274
1.831942343395895
4.261459351428468
4.62430677155489
16.80695427544786
79.72266065974875
6.086288852868774
21.085980400840544
56.239992589759524
83.3729798939478
37.51405660342945
26.018267286223175
40.539084534553815
21.19758167772549
39.32360822807644
6.48936138006964
12.046941495721109
1.9596087586335025
8.787585696191169
29.246812799135807
83.44024498634978
7.86978308240125
59.29615289427859
26.276756447573433
151.39578870434244
284.7702505584232
83.78858979654485
16.281612471590847
21.451224221474078
38.14021127627631
1.7759829391284805
2.9736740657267737
72.20175411752399
118.23237980010714
11.712388022963523
52.047920446509366
37.53644809879141
21.577465086403386
218.01481594934054
26.91200135522325
32.32068998859232
136.15982878406945
1004.051008216063
92.4510237752957
157.08107585092185
138.3105441136018
46.42855786496419
68.79875059753358
176.2133757306337
173.96780295224292
1352.6724251466521
1374.6193399547667
157.63553559136025
3814.289771834849
2239.078591353631
268.50918422208525
460.84948712512164
241.85635657265829
145.70927622498291
420.1780611653805
130.0686346144584
86.13740084872491
77.47919910269928
153.44153523044105
754.3781759738432
164.26564634423613
320.59448544881633
468.50480622498935
372.6778786194217
59.80628975781742
4.346460658698666
439.71532242831483
478.92034825544994
130.37447070113072
178.79901563740037
26.531747819976278
628.8829202877066
252.11288764075417
65.6328858386574
840.1492804364268
14.31632268102963
132.7195432870991
138.64128070853522
23.055703020039097
193.8230094534418
64.01181757822728
5.681474261653274
132.9275098416171
10.364102612348987
59.27416073494932
24.968164407312628
11.043457693611092
11.882086872554481
9.279343460777083
111.89261792588253
7.126919706799636
66.68604620192383
123.2470844681609
18.796618203547435
2.128391188941065
151.96342179992416
11.806225593648495
30.130645553395638
5.56514233088479
70.2538020411956
50.06397085542613
4.575116258517961
5.161300662664241
37.83768763938969
19.249727509503437
4.943710488314163
45.20395451167821
12.665541080977945
18.315200273544587
7.948984733240628
31.905161876641035
29.38012714752176
13.550649360570151
41.24412537332562
3.9787335307282143
65.16190479012938
4.229567322767835
2.6202240056807296
43.42439751845216
34.71105230370922
39.12331042370939
31.671603375131152
4.107123045907056
14.096641346454343
8.74861886838622
18.30890765213781
22.40900695659242
25.46109358741066
12.15768480918191
45.25536663295409
4.593243438054685
12.612299305640542
38.471801112022916
1.0026810257171834
3.2667860358784875
0.4173220338048037
10.438503157749063
5.698896966604296
34.27101185065728
8.049003369753791
12.532993611944487
9.011695739350095
67.00777525314616
24.313901990349038
10.829492575599877
2.8477791157883674
8.127950649761832
30.225195208919857
17.15686176193617
36.03890478833719
1.1998478724860533
1.3530241833479777
14.713793950687652
3.6152629322917273
37.93570413409269
2.5049160589491697
8.81500422890176
9.822912572092333
41.465318616711045
6.168873918833527
67.65337507436456
21.732388142958655
6.329221430181867
3.6364704111089416
1.8901612314899197
30.947067914037056
34.833081955411295
21.772046759879103
16.32263604664442
9.318803469790751
15.730143002820553
1.37734727229191
22.87980696348751
5.139473600991087
4.2954261852812845
11.256063618193341
11.090927584755688
0.0790611939901167
3.5833743925384427
34.01651972304639
29.158743642526733
11.15987873424497
1.087240591506493
25.423254396271272
66.42930933475793
2.1258197253597815
57.60570840145743
14.311984127291115
35.88231565083972
0.9184114302189107
2.8571058704377204
56.45234337827182
3.195356444359061
33.43661950030942
27.451711519134435
24.323244230777988
9.269327085173286
7.116206777699374
28.590520886576844
0.1851238094477938
13.435022959422838
5.4720672071387595
0.03989744057547694
20.606189471767095
6.50409783080883
7.731123555219085
5.168330591906278
55.80300469211375
32.20608215674945
9.124655492942154
57.77224197953321
9.191322857832176
15.381744605967013
47.27039080196333
90.51866172294575
31.77644595789776
11.873498206556356
5.7360065883067195
34.19736618166095
18.79454709810694
10.009851635040976
197.04680708136016
75.07746823597617
33.864440921333745
5.75593823763359
12.636035483879459
20.941960651845026
28.977050302000375
17.221484576917234
82.28743079632743
27.79540804967725
33.76623993749634
111.8609562792772
16.126410634350986
33.673868317909275
9.993092403200361
32.94377459517174
14.807820398813945
14.180966286892085
23.029106716523586
113.53430906779725
66.50924413618644
57.81034942514672
54.2025934114035
2.504055965052994
99.82837397307975
33.6776668286047
16.38910228940036
168.8689166845026
11.752831928820136
44.82953966281488
21.57182641106502
8.3074578629007
34.17879529084701
2.2678131846882383
14.693798916732975
6.290147292332241
9.680964030374938
4.053918069126438
21.238888503278268
22.586595721747532
57.52014563223261
49.19775176292665
38.271391205992884
11.806607235947963
22.336971986853264
24.09196527500549
50.34718818051989
15.007506147831167
29.317513473785947
21.000505784221
64.85081185509
17.817153246287475
24.287299484666114
61.16864910961015
18.441372994448756
3.2698244401801864
44.85298558577985
10.32723122463153
16.960938380741847
20.333390282727894
101.45025376125018
17.909925477868693
0.45108982407208376
68.45633275989398
39.93717635825911
7.841035852749348
19.18823385184482
13.398496673022846
11.47021676511105
25.962531754729675
5.898331929157608
4.256947309657743
46.219360835313395
21.11445693124487
3.3989927708128618
26.446507979133337
34.42355330976933
39.760842119575514
1.737460254664177
15.104993782838042
2.1456396783881697
4.923676079406288
3.720503435130808
17.143378292172994
6.8562606865347
12.297003437027294
8.77927976582158
79.93981814028986
45.06259730892934
38.85145618722032
5.936476981091911
32.50998074925586
0.9655064711552344
21.317140902240848
1.3915536825202681
7.268862774778642
12.56138888111268
3.086353897585686
0.3542175058259692
5.249892511208927
30.893815639440348
7.696123747923826
20.28649800881167
9.745492723535438
10.721256528202181
3.162789849186538
30.041319520648056
1.6545027452923053
9.753849369298399
0.42550126820402656
3.1378724463527288
63.65921121675143
2.1001514316867227
8.935730600787526
10.712592109117688
1.6681285478794972
8.763449432686107
1.2522420540982397
1.7847837786619332
11.898279998499975
0.6157542370836089
11.233517659571795
3.19819452649877
20.29412283092868
2.6381522423723403
0.1728552272992446
5.380143931514522
2.404076448233647
0.39662060942411226
2.3499975606643493
1.1798672544531477
62.709320312515565
10.492806787599584
0.06983787704660172
2.990603542648663
2.994940915382647
5.86761360588075
8.014703795454503
8.517650408276019
12.984562241755475
10.450449086640742
7.034276964803957
18.847045275961253
8.056067681316978
1.1839519161757515
6.299615680683126
17.214407542254097
2.777666480057079
10.998473460637115
18.67583605734082
4.326137624849471
19.967639515236762
0.6633296561526911
10.452704680052879
7.209785153560928
14.488524942602997
4.40596980716322
4.311550559826675
0.3078362868281607
8.931315904928756
1.6323542406482145
4.604921830028384
29.292387825675185
17.379182867329245
5.6985693739610275
17.988860656905707
1.301026288201929
13.47992942569197
8.693347042448835
1.3790174970107294
4.651668275029861
15.038425185727377
8.487820271682239
8.976556149893561
17.85032154249522
20.504825440388874
7.829484283169513
4.945200417124552
20.191011776518287
0.8358816264211646
6.791048743706425
5.394718263292578
26.19664015747511
0.516895781736933
8.893224622755648
3.91852118309321
1.1470342092885113
14.723895682859569
2.03332421151134
0.9110000282509643
16.829672264550084
0.6332427888506916
17.39661553466408
32.673386912444116
0.7772780412017765
1.534020480365561
5.0397490008614545
11.25721752448182
13.93766200577422
16.26762630715392
5.226014272225229
31.279066822394213
2.2507741921393993
9.207580210228386
8.23517382836622
13.93284430509818
2.4304494002603203
9.69903422561299
24.304542075971987
0.834079169841907
27.542527174946365
24.494406453052175
21.876721281835906
1.1778676963202965
35.376653624184705
65.58366198815985
14.619169325240625
8.887407804695181
11.541373144676122
15.269239378129766
10.30330453114005
8.036574434428461
12.790923088110803
12.160364037904683
4.15169012704927
32.87916217837945
2.1249682583976757
1.14484473908547
7.57382637071412
4.1278729450993055
15.679571979658807
1.2115737205104367
0.44468189789887175
1.0363428735676359
5.846066871049673
17.266002978603076
9.88567132819448
4.291510559758297
4.326889056071366
23.584469222637146
20.648004544144705
44.27184212583911
11.159253527320367
30.299453537098092
10.406518708271136
1.4241551114626452
0.6450935524700498
18.26987661851671
5.88248729529472
3.8371770173773325
9.475796325171356
10.515050784067286
27.00571361760231
0.8501091057441506
6.519541901088564
2.6164370168367452
5.792537363896647
10.045475939950219
14.495246730706889
0.9069070961065824
23.249608834499067
3.6925531081557335
1.3003072954331338
3.4978816072352323
3.2148315210250127
8.620687320322347
0.6867819291727314
6.925512767752476
18.6629890807649
6.8002689315511065
8.821072805412486
9.456393804317296
10.192846455695243
1.4812247777530776
3.8152657504926886
12.760634830344056
1.6763362536810633
5.671194387095618
1.9994390783045737
2.8118286869175537
7.4037065868598635
18.682213284117875
3.8618509831913412
10.827292676682882
3.8733032900130646
1.2841579053646712
2.6371544792159147
0.18279263775638788
5.9361430008395555
6.261671726954682
7.3755780574148195
20.77489160592333
2.530886978036638
0.10167924656401992
4.258274874490434
33.76135819843912
3.2849434407257987
4.867687588922564
0.06680014077500587
1.632135962275332
0.4066220874588942
17.966850966910773
4.1546060992970775
0.4509707682806543
6.225374770287658
4.556602489883839
0.41846930075909183
1.7890981112234323
7.395383082226788
7.816941761153765
9.835694867858283
0.31882603466451437
2.5646412722965426
4.209329224237369
13.965646540141842
8.006281307022139
1.8201062782204616
1.4857715917726513
17.977119281816172
18.50214240171158
13.361723323561266
11.461300397702795
5.3425326011389505
1.4213173306369828
3.099597431375512
0.6454871399986093
4.94042850394687
1.251157289717285
9.420508906869392
2.555535829906857
15.225530000095526
0.6444255450605507
4.384684072757181
5.859756009009507
1.7946779486870332
4.086654141231632
3.1292218776422365
5.3219567046940615
2.643069745121964
5.857581002711517
2.743092572875152
0.40824162561960675
0.7147956194558432
0.7716016036893408
0.0632764074886273
4.924420511528817
7.840247426905424
5.716121979640659
0.4934733849734498
4.259763385638526
1.358205279299239
2.7518751707893685
4.205520766098398
5.505098326124107
4.829530554964545
5.328002803811594
0.40207300421597386
0.8380479783305188
0.4522774095358096
11.359384469208585
0.8827854768095617
0.3171883333488373
0.6349119156864191
4.232212287634644
2.556706320500647
0.8009600661126451
13.341940706469476
4.7350167770212614
1.4469027234928689
0.2661734139787321
3.21686716427007
38.941283612520415
17.663811163032403
2.7135701029955452
3.481636557031006
5.305218581649247
2.1359921506780513
8.024058912158187
0.4591145248364713
0.14695194765363584
2.9333801208956194
12.017308635179402
6.917171771034904
4.0150837942010815
0.17760328156904673
12.244800344096033
0.4414124054600347
5.066631958755444
15.194470732542815
0.7863462311434333
2.279480058508612
2.7798242561199022
0.8422104723660646
6.29703091981065
1.6377684752822013
0.10535724077488873
14.440820043543363
1.6115630120270699
6.004321978100878
1.6969440680237056
3.235363639737645
4.862421485022722
1.6036910503026076
8.359745763456772
1.4923002156648373
14.111267914561616
7.351047411300767
8.84607580186497
21.62155564805776
1.440321279278714
2.664558908565123
0.2653216174121206
6.829523230281977
7.681178281407954
11.490072724786524
3.582463485674658
4.957559551426399
3.8572232039328767
1.4580798963612744
2.0669617817392996
2.6958282127353765
4.639466145436653
0.1997762790401432
1.2740905156150444
7.92275649226936
5.455485269706777
1.2606105709178954
12.193053539159024
0.6813750425460294
0.33699859168268126
1.0773580658306707
4.628999221275432
8.270865115977056
5.68242154139338
15.847119215629167
4.291783006004311
4.531797799814274
1.0328679825489129
0.6566298176237138
9.458130006337983
2.3048224963482715
5.564845423360293
6.4180206888995865
0.6284668100396277
0.5311534424791511
7.960630337936019
0.18860957969615688
1.075811373370651
2.9110076618308285
0.8704085757817183
3.511869095381626
3.22986981287676
0.7777260114716652
14.120802490862275
9.11003187515484
3.2860183486137795
0.5808293915844843
6.40230999444886
2.01504971957726
2.3945603710869547
4.947576909856574
0.47391613148695033
3.08933007806394
6.273091772369174
1.255856695588275
6.675504836905101
2.9747656626374037
3.174693004385945
0.04418530248774236
1.4254261720575867
1.403787138843242
2.601674709747628
2.9019012477545165
7.920237908166802
0.3049781258877998
1.4814533675547545
0.30257924357615235
5.3951032663979905
1.9742898998851814
5.330566068958623
1.4602791231673777
0.4341562261765473
2.7997641949284646
0.14986585839926572
0.6856791717084403
3.4234924005970764
5.015048329233484
4.254156596335897
3.4258470524568514
1.108360447051854
5.020810217241817
2.6012486046186245
2.2829335194040348
0.15395331232886594
0.144350123611106
1.3228109351414121
1.135886400341535
1.5861329819349974
1.6750810545336576
2.1702362772948853
1.868376882375047
0.4675474847168076
2.153544196123467
2.921321395876963
0.21785114225945137
3.49824053715842
1.019497526914342
1.4229555511895882
4.098092044951123
3.5783039552608122
0.39244491012839616
5.824927372449734
2.222774585983548
1.6120352486643998
5.4154436177664556
2.602699513064235
0.9157428152376207
4.539446799797407
3.129640054439627
4.498146593080838
1.8418175453605496
0.25465438929233747
0.01799060982960393
2.2733528654360446
1.7606489893863693
0.23096062108090276
3.560637723515533
0.1449245649000304
5.813752376267539
3.9049263800483267
3.4460779912264443
0.28629067066249836
6.506602708175717
2.6318674258324313
2.8585670241279595
0.3400687700980243
0.14591988948253495
0.5738553820930983
1.951128605247469
2.7920839959558874
3.8825173715598855
3.2004289616016903
0.2546290384455071
1.5739718565224785
1.9084129288036475
0.22480285378261564
3.470486203439477
2.929102349156067
2.9111386361076086
1.5210836063835071
2.066628076780278
2.5072007942273005
10.127525654950151
0.6077492051714201
1.0335280948107535
2.3866632711743136
0.2171548193941017
1.884584555219985
1.6895714358083673
0.8092490689652178
1.770396599986486
0.44916873622282893
0.03883159194406347
1.0270805279035355
3.1609003909452613
0.13992270432297307
0.401745349371758
0.04329686265011887
0.39738436451838177
2.552222123472494
3.058617646249607
0.6075959388292488
7.195109943540388
0.2673679466603741
0.08664234956554072
2.075391703143026
2.221799575403813
0.09668556524042579
0.5068344039516904
2.974286467602695
1.2094674434015205
7.266754056387633
1.5033604777064975
0.20042339265341294
0.5781202511373438
0.763207294878459
0.22715336817409032
0.9490309126369328
2.9379600044143044
0.8073932950861427
0.5322425514250778
9.366892130122901
1.1761956303274568
1.0674346972761999
0.3398296515839457
0.47833358903605283
1.538642170878232
6.4872537651519515
2.284722251041457
7.962912997454294
3.1599449814173615
3.315717007446876
2.335297196954789
1.7751281202211138
2.5798640397941885
1.6181114380654251
1.552324731377926
3.5345858926741522
1.3847809458634721
1.4615070689333687
1.2522193127363435
1.3912913617544955
1.2092278066353979
1.2459887653866506
0.45689606188830933
3.7785958213700064
0.21264741731731254
0.025109129249242156
1.1853493808523958
2.7992872931193036
0.22193923588689912
2.179486732789849
0.2409774344676794
0.7485007834996213
3.54174589013954
0.4103712637215509
1.932408602882224
0.44857735373487345
0.4145608440421051
3.4752632484933437
1.0484501087640021
0.7822324727752613
2.7257510940679963
1.2970183173234258
0.3216669547624304
0.7323699747423357
1.2225817192885595
1.9856557580613519
4.022154184178804
0.5756295266282166
1.8205045840657121
2.144607747975513
1.180898328965801
0.3327624657529812
3.1927812811934535
2.8035399098699
1.3581694251158531
0.6260744954133711
0.14720630495308004
0.2525978414046642
1.5090555720845233
1.9037409471433562
0.333468055586619
0.3291489357156625
1.0258920592355043
1.578114257632371
1.4401333249054304
3.826418441452365
0.3318795250766235
1.640315972388553
0.35688533560464364
0.8094419651707503
0.593349799257219
1.5471986171720193
2.1758409821380233
0.4048220574282639
0.49383376432399373
1.9325270223772475
0.2611653846833304
0.6598794136151055
0.9839920417260943
0.18228917418535773
1.5017307029646445
3.550142664342272
1.3970113654163585
0.7800901427294594
0.9392580107609246
1.1718998924493818
0.16887575452896272
0.35311184158983167
3.26823026331941
1.641811691519217
0.6573504185639184
2.659143589559328
2.274129374615005
0.8129204619354532
0.014349159085741197
0.18506508787288195
0.7239211260619258
0.29284890043373535
0.20838164108872814
2.8444116613798753
1.1457932418263876
0.30886607867814175
1.1349955669989245
0.44134720713157627
0.00800305127968956
0.31738965073219205
0.3110519691375551
0.7382915009492165
0.45053411818167455
0.32631466152047495
2.285503874068842
1.3076587924935208
1.1404130169815534
0.156189712417784
1.1214859815400788
3.7329166615094054
0.23021323938104826
0.6963623761042642
0.9735613819259851
1.4432628810039347
0.95063477334275
0.10781615292935198
0.9091590442877334
2.5265912883895307
3.754363712259819
2.1266760827490394
0.12706241983709107
0.16118050255338687
0.38395962528127864
0.46311434611933566
0.4899239636251312
0.8759678055029576
0.5767635684893778
2.386022250451664
0.8516425305363128
2.410106499245117
2.133834210362502
2.846226928109017
0.6658985455111097
1.3887594859328394
2.6091346991380138
0.5503028982375904
0.009469135729047486
0.23640511051813573
2.1273884747249285
0.8729316357781515
0.40154370884956664
0.9443991769070681
0.20804811970111556
0.1400555508254153
0.8715597354389051
0.9348003414502717
1.0507833852517388
0.04118076312621383
0.8517434251759054
0.10010727759125851
0.7796002446397012
1.1250759598064366
0.36613899547351236
0.48759846860510386
0.25641824616916603
0.6272303427965188
0.2968447684416275
0.14928624819141573
0.6138890333885284
0.24248056933352866
0.2582789653796315
0.16883019666067703
0.7650474239628412
1.325515029040286
0.9362094106045613
0.1131340726287547
1.5654419899915062
0.5926470310825758
0.05751191985564307
0.6685949223133664
0.2030010292929019
0.4373592571918625
0.6702828142504061
0.5303536141311183
0.6706749566057763
0.5363338672242174
1.594269494225482
0.059090670852571414
0.31528932363435086
0.11541537690393493
0.3433185664482721
0.605130970076139
0.25022292447693106
0.8188758779691834
0.8453081656755674
4.065386791617913
0.19274017189204443
0.0378288071180478
0.5404799228374207
0.6286082616012086
1.1278831989380278
0.65655094646863
0.013390466791708243
0.30118115606174123
0.44554037083908377
0.5293191666977382
0.9442848402956383
0.5530358488921283
0.7423351622381712
0.7110722959969186
0.39387626187133595
0.2319214921719803
1.7318166654526452
0.16117125127946552
0.968628787752218
0.4494654187967769
0.17421542689272615
0.017518093378005407
0.16149800258126493
0.14355212149114918
0.3074622521158192
0.8642752524667269
0.12290479312348897
1.6782074077155023
0.26313074581248297
0.06596281521175955
0.18631704976356148
0.30217879997448677
0.28457558972158553
0.15479437672197466
1.3448233649647665
0.10576545224996754
0.3130672863466601
0.1378422594930453
0.6541566494324021
0.12722296828559937
0.11267584443662143
0.3122306960739772
0.553149337220923
0.5081217774366545
0.10983852425275306
0.16810243591611243
0.5104136189606131
0.982173762915706
0.03951176321637672
0.39132413575392205
0.40867949989894914
0.7464459483012791
0.6900599688170617
0.1844536976541769
0.06376211853907998
0.7528184126265761
0.3018387800829102
1.4310823370182182
0.17046252837491505
0.2419057885569659
0.1315900611553944
0.813491395397248
0.3989964995415381
0.18112118043608494
0.0018415994581866756
0.6463635459968096
0.6684255524993085
0.4966385295273278
0.22127255281457214
0.17695832599857464
0.2688215010542902
0.04741678662508499
0.20754738120561986
0.08277457839127197
0.9165335609987683
0.4616033563046862
1.0761909872945636
0.6553881389024689
0.11049958214781799
0.0589209210578436
0.26300170391947514
0.4574989823736812
0.8753604375645998
0.03382449724658461
0.2918370020675661
0.15707608126869352
0.04247678434921614
0.12469472022118633
0.06539334253171553
0.0001349511042102287
0.05784928726631518
0.7808867137002778
0.4960024938403145
0.6175603397074102
0.04079076792823416
0.23479009709385418
0.03239437214277475
1.1482737206112315
0.42315434241966987
0.3030821544157966
0.09461644279313389
0.033935291385016185
0.051416472930869296
0.6190301281456009
0.4069642449457102
0.19601425510199946
0.7068429633706433
0.3506620027644989
1.0191286427298785
1.1353860210032967
0.18331998326050414
0.033955594648537736
0.061186742965362445
0.24923916570504853
0.2006732830593729
0.394602118291236
0.05611195754862031
0.48096762509735835
0.614794739013265
0.022520355260030465
0.549073792461999
0.006020668946224616
0.04982826452594291
0.4734090728065495
0.4553544823939763
0.8068235616484503
0.7577744631695127
0.004229069129350123
0.06422866699797222
0.49208417404862287
0.10060253232887612
0.09154801563735045
0.013877026517909036
0.45274904799473664
0.03558278442665897
0.13604449377136763
0.04917054342525797
0.2120497680720418
0.03944539069060059
0.5878580197321979
0.29263525843827465
0.47866962067646623
0.532107132916652
0.24535474205094607
0.05022596685662272
0.331641324255296
0.036097098202272325
0.14053477955487959
0.12913949567613903
0.5308247474799164
0.37548515127996757
0.10026065126144765
0.5213136172687143
0.2975557956055119
0.48051679415287546
0.04788736354556179
0.6760222447967236
0.24918954531747195
0.08244613401360482
0.30588651052203986
0.13930194427153383
0.15549826354956875
0.7360034836454935
0.02985900815078557
0.052211456472228496
0.08282278984286
0.32955822378071137
0.02837199664021296
0.3776539299842301
0.18475371073427554
0.030369466769169868
0.8331077323651923
0.12190040257992187
0.5677757860609699
0.25269895202063164
0.05819735929834028
0.0580867655001154
0.06532918129314552
0.09044234795515313
0.029269197593669537
0.03343451552645012
0.16387079720633785
0.030828980517684783
0.13621304978137766
0.12938744575046912
0.6519231733365347
0.08190613898130937
0.18011618764228315
0.16439984439559424
0.02519629668141841
0.053526101020558006
0.07488994618136756
0.0021323068992214122
0.0098588136953127
0.030145536775921897
0.2580240870343799
0.1800040012444107
0.12866576274755687
0.10275581432663344
0.05170651747954859
0.10014003503184021
0.04261395499173185
0.4033224864837353
0.1578986722081875
0.011415958809046754
0.08753098557576465
0.01407315139809949
0.16438520032952714
0.0029151473589225847
0.012545140482321153
0.10521858292315239
0.07773475332898844
0.11030273906394338
0.03846961712633299
0.17486489264988161
0.18460499352795307
0.05090159734888362
0.03131346352606521
0.03641897012257108
0.08492145424811375
0.1573725605128471
0.023366797782389377
0.21801592060345365
0.2583034493646245
0.12975138165173083
0.20075435977118483
0.08478296067057282
0.078027411666667
0.0007707771245406235
0.12127101483633355
0.07388361783851348
0.05056388877557347
0.05399720003687602
0.36361271376094295
0.2967857330341172
0.1205516983067271
0.13229871584233605
0.07090145062675939
0.389273695917234
0.32386662847801434
0.004104461304675316
0.17104743521587995
0.12219064275766474
0.03732789663888698
0.014018670037359023
0.08644665470067533
0.3172473544587663
0.21488536559403656
0.018188291772619075
0.020952704764559512
0.2741841005092605
0.01985670752089175
0.14551796033966719
0.012713513879308996
0.05548386596473391
0.08119709605662158
0.15378732606513804
0.020238088910108445
0.24649775822750739
0.010874801498158363
0.1312008277315616
0.027372493588450075
0.008668729270252097
0.10890024889789206
0.20187180466866694
0.1610054594167447
0.03720361773837997
0.05704266458725335
0.0556409763086975
0.02704173135160058
0.0773743387072788
0.004222267894504209
0.011326490322205401
0.22959851658758687
0.05526349090887293
0.10036497144232018
0.07579357049148824
0.024710543451553154
0.03712327608636034
0.053239157072726646
0.01587085397148936
0.04573338741290918
0.01936512227758876
0.17290932076406063
0.08981736284557072
0.09842115810325508
0.03634028872359
0.026560507730100966
0.04479333474744048
0.1402923060517943
0.026026515826859206
0.010344761389260682
0.12857368729280905
0.04439936144055273
0.17230658040199046
0.0006518210045893167
0.009574774818926643
0.02243972240184591
0.007197271847814153
0.1135210826326449
0.08178129610149316
0.07601079792957542
0.2911188035045322
0.01762153201111736
0.028596885862148765
0.062127769748392805
0.011832317313041924
0.041147941407109645
0.06725811883903172
0.05060927401666118
0.001454503778707238
0.04498086837052723
0.16220093985677891
0.02888567022287174
0.024011493206607518
0.027371681217801203
0.023502932494043942
0.005037749461496125
0.02685986405872942
0.05934675535119398
0.04946283675759904
0.021471758596111425
0.02071711728444764
0.05456681078728098
0.0502131068112009
0.01980183060498163
0.018180149894917515
0.050339511336934234
0.009422682626324935
0.05035331688534094
0.022904046944909686
0.1265025356526757
0.04613260419780038
0.02599388108795183
0.16041768526805703
0.04194263928805583
0.04658974860556407
0.0007570783722052753
0.06279465356753007
0.06107557688824869
0.00301285294404784
0.0026065682397450837
0.005112863997430731
0.007471014852546871
0.0100953891973302
0.02718098069078015
0.0002939680963881313
0.008362433554875839
0.0880506364997817
0.005927276648088479
0.015987806499649204
0.007768516605919204
0.09942080264293135
0.08802651852604979
0.0031715950358343057
0.06518510947072184
0.007544222725338592
0.008812624380080071
0.02231113966308083
0.041972628948326686
0.015247509660611317
0.07259196211924052
0.03197846568743201
0.0014627015035037151
0.005934140597895915
0.0032399983354936134
0.04828507972928284
0.0899161826882777
0.0012023333784247764
0.004499123031363368
0.0064063045146265435
0.07680460251302743
0.02831371902923659
0.045835210993673325
0.009913856942364118
0.003951887860030235
0.010453299789617607
0.012262924211909502
0.030333158701262238
0.022889840266033117
0.04015579335998539
0.01068494471354158
0.011742872873112315
0.07415112351638634
0.04820961133541077
0.0028110155049779237
0.05970614852264301
0.03734253536901678
0.004646324970111105
0.04408739841117937
0.02969324352308419
0.10348237359836153
0.010781755228418007
0.0390797298134204
0.010108096367273714
0.01927310164240595
0.007539907366901692
0.10243383059037396
0.0017423079962873354
0.08905970706573682
0.08508663569096955
0.01519767523748737
0.0018891474996035344
0.03501473750406078
0.005764998019328092
0.02222207442289847
0.0027702864130349308
0.003933545443980385
0.0054496346795164345
0.012733372243322195
0.032978344238810714
0.036511171831655795
0.007077988351040337
0.0038692656798752106
0.015716532009093183
0.020237312515268852
0.0036486173384458723
0.011971682344614218
0.004199320075004305
0.01833121131108728
0.001238280488438101
0.0013281975563755744
0.028426778042217188
0.07020819420594619
0.0329909165185858
0.013473540809098836
0.03702264216321307
0.004097841140203716
0.02430978219177134
0.03734827419808374
0.01420386205923914
0.00845850267377873
0.023309374247619388
0.04862887869278007
0.027402816139169086
0.00028380225714745035
0.017620516486213378
0.042712860313880725
0.030819563695663754
0.009492255872335677
0.010282410558409123
0.03185182186571925
0.0030715506996699653
0.0033361924704289557
0.008981699525959851
0.009782480016502497
0.0020618325072919237
0.009856304615523701
0.03517323429508526
0.007278049862784658
0.00889215313321939
0.026912379276919203
0.01138564244408866
0.007822255313688726
0.01397036947760641
0.008082287771896401
0.016965107754322636
0.008559514482082992
0.008228487938970583
0.180786037371069
0.01613943598300857
0.011325106217045286
0.013034442594029257
0.008079457497757358
0.008023481130392791
0.0015252833838896142
0.012072162823957363
0.036083723388225776
0.021571545373249543
0.0017703357551248917
0.02523933065103027
0.011304033197517467
0.0005615960577313986
0.07763538622192168
0.0027086349326672907
0.004499852456279543
0.010412344232096955
0.010098211091425084
0.047634540547787374
0.009075527535340957
0.01203727943108097
0.0036629800134392095
0.014958731898535735
0.004430014348008252
0.0011444015706964217
0.00400590346087463
0.0329173824441234
0.01601803758951217
0.0656884442422793
0.02755243472251671
0.012125921232215146
0.007474587657643548
0.018048448118297065
0.005706212751621413
0.04664627598513887
0.024458307649909715
0.01650783879223745
0.03069887615284039
0.01369308474934728
0.017056590893326812
0.053081618960091885
0.009485987067504217
0.0009181565283411657
0.04748451791974043
0.06804221401980089
0.0757945693337311
0.017613371702180483
0.014762720605480733
0.001292795026584027
0.00038696617255037404
0.0009202287290538478
0.021685910675927077
0.0056523047132680795
0.009209381208998597
0.05082007519146153
0.04248966720418423
0.013379285659568002
0.031152050441511227
0.0012240006625339414
0.002847754537075965
0.08620090541116912
0.03149928956329776
0.026856162244837885
0.0028801107302164047
0.02004036735989537
0.03896430665308901
0.005542761201677537
0.0003922635206135199
0.00048764286643653064
0.03228245009461826
0.0034703958931467946
0.0068787918904273755
0.011920808431494331
0.030551649636663257
0.004826680302135473
0.018068413405994993
0.03759199522237226
0.028754090512114028
0.0244931242685959
0.024443855043142355
0.004018209607451878
0.0013150227503701322
0.002353519686078135
0.009663242409400316
0.022962398923298735
0.00867243953759973
0.00012349209934881797
0.0319927042590782
0.03142882194946807
0.01938184110553123
0.0008840696464993451
0.013081148551933168
0.01623882866184674
0.019383260416629498
0.04726875847691752
0.006571457120808807
0.031117321763346372
0.019073040965214172
0.012245204314567621
0.00963287144384948
0.009623877990610583
0.05433937269438135
0.011253897956633351
0.04147322521839101
0.07488588627611313
0.037616763076986026
0.008698444253021947
0.003710714251339545
0.005561960178300432
0.01082363422030398
0.003163117439169732
0.003733174881193539
0.02489795860189155
0.003506569674218585
0.014706774525002589
0.05987413822038164
0.04929267242753753
0.010466672275692377
0.08120429310862556
0.011310842967047345
0.007135086067659387
0.014276877411750351
0.014913995882684128
0.03570947191391761
0.012030735426426742
0.12479459781835692
0.01974505682635638
0.036537836129681624
0.028454951062063236
0.009334483973189521
0.001225670882974432
0.0019063914700297086
0.07355753580345421
0.06147951843376533
0.01892080531551676
0.02240663002624453
0.00292157244644446
0.045271787549869054
0.008634252101816545
0.07677639390803441
0.0073114975176449045
0.004353026254798969
0.06288933888930744
0.02597762934167431
0.010940474922284194
0.007567293514446796
0.0062520886694463484
0.01357051490303524
0.1478826974947808
0.03496352450451972
0.001453240628060891
0.015024820427484506
0.01242548766763466
0.02051680026285287
0.08332657887361841
0.04339991801985492
0.06428343169908385
0.02314226950514602
0.03233006322702517
0.008847984242996227
0.0549472604624386
0.031808949069185855
0.055955654799038364
0.035499666543939115
0.01662648718834035
0.016510767199760232
0.0015328815379116372
0.017403949865380432
0.04184568141981368
0.0440721053020901
0.06250090513090883
0.011893196819715929
0.01796686161031762
0.06104495086391866
0.035258529103646664
0.030184621893659846
0.04250236927839484
0.054032314411280244
0.0072912643965469095
0.001038738953360807
0.02581575692886692
0.002456319776997799
0.0024326248733133396
0.014738689643343659
0.044794642031914356
0.002140171925448895
0.028120481153228807
0.009436998527064453
0.02757217122794937
0.046820563447761976
0.0282732237485237
0.0022630822698165853
0.03854529373648255
0.004018302472560048
0.09626823677391805
0.037256357166496216
0.04161506668207064
0.005189875089436247
0.0355958270735185
0.018292110643684387
0.08961445052203951
0.015478818377716466
0.03905260643494981
0.001178991084905517
0.0455125033763547
0.0018810520282686398
0.010781990561996215
0.046042203096075714
0.05231000946675953
0.013339681042364588
0.006010078320226553
0.0024115497270040735
0.1724811404695286
0.012909053516947428
0.02959841689441672
0.045884400177348406
0.038247233308899516
0.05367377184884991
0.05283007417702942
0.014230926597775875
0.06334912295314715
0.0610816811032542
0.004142725141241368
0.03461130479473031
0.18743877032792133
0.00819246412482912
0.03239783482251005
0.05766223373722966
0.029083221380715223
0.018599114519756675
0.009969399035645518
0.0412720463397568
0.019974981826025244
0.015210140809743172
0.014236381259315391
0.08614276329025124
0.04936208013894472
0.06933219649622913
0.030540957515441676
0.03382299969056393
0.022455942549415343
0.00433305740772989
0.02947856757564176
0.035859097129768494
0.0043701961783304795
0.0668803063745405
0.13560785256788696
0.07583983454778682
0.03266781677677455
0.14703174908425554
0.1675987754305863
0.03500933574057139
0.0011353760057671687
0.027529720720805777
0.027479885317751657
0.02650406086206041
0.02299396129191289
0.36212142491774996
0.011450420168483034
0.026640021436097637
0.0028225903523643333
0.00198533350027357
0.008822067608839855
0.04946440731032413
0.028282737530628013
0.11078749088717214
0.1862159786361615
0.055498397364788295
0.08498456109586888
0.08108273442714091
0.01618258932658348
0.020134174538218075
0.027571557155673623
0.020525597365229024
0.0399894048684695
0.0032688466531039188
0.017903600104655668
0.15404593081258558
0.09753775094393953
0.012798813264802138
0.049737798350058135
0.06321893121002038
0.03097039846326945
0.1001765537574075
0.03832899248664737
0.002493135707664878
0.1968405788910585
0.06532587837335002
0.05735270101316629
0.03750139527700874
0.026617333223004396
0.02295334862802656
0.014587797675974973
0.049563271928674595
0.006645669951004216
0.09213593731898528
0.000794850054714583
0.01283751209396226
0.025238885931369543
0.014999429021870294
0.014140540104228251
0.01428633329668902
0.0556500625474515
0.13671982439966998
0.08461371653440314
0.010394336593169804
0.1373576835874216
0.18199047567610255
0.07014954990634026
0.11718267652950101
0.031372288510891286
0.04148373041003129
0.03769591750525546
0.04888195771567119
0.01289038687562255
0.15192164058316246
0.07796622057337473
0.03437437295476355
0.1604670858308791
0.038349407026380615
0.013946281820145028
0.02052230069722608
0.007374755801503233
0.09018104099645617
0.07901764301922003
0.00228230452121759
0.028316975192764753
0.07285304450915087
0.00018029670870162807
0.0331728390227873
0.1734475731411826
0.019259825603873886
0.03500149513914748
0.040511762909095105
0.0009517674126163819
0.028870415481381497
0.04408154019715847
0.028596785135005003
0.08251920872355101
0.023514943258416722
0.14898922197571648
0.30419121200234867
0.0108892189992821
0.07589382110697428
0.08908762274829002
0.018360389755416723
0.06007388482117292
0.11306170048498426
0.07305210016709131
0.09317367055006365
0.010768652876205626
0.021576448881160743
0.05120053140257502
0.023211530832846168
0.016861351275678976
0.04424017558223218
0.028534563237595643
0.08071674128124776
0.02630765632554873
0.021428393534323523
0.08486992290755586
0.026661676629133022
0.16519236112757468
0.08798623067688108
0.07314602434506806
0.02373584138206889
0.026739407040904398
0.005557941733394215
0.09138375855937678
0.11934560572340154
0.12184745677947752
0.0950639543206512
0.031443612842373854
0.058879070930132546
0.10694373595853365
0.11772179386542787
0.0050751072673467
0.04948545904670373
0.04031613777620709
0.12293512563632372
0.003638872103014402
0.27875870113790835
0.2143673200608215
0.004204293863614673
0.03770307743155314
0.1137321756097498
0.1662463524608623
0.06418233500717217
0.09696361852386892
0.19622589881600208
0.03057996744292236
0.029616453927540882
0.08801371173169377
0.04133437536489091
0.04644130641775289
0.10640460054054685
0.008349528105593744
0.013285009832808321
0.48867171277700333
0.0006024089100204274
0.0014423377392043465
0.05629680437376273
0.06314747392364325
0.025023498481005626
0.07489019543755902
0.17689210759654375
0.14192861214101227
0.044393351608584354
0.29176169398536406
0.05670480333409857
0.03302601734273714
0.01971295818769276
0.07150122944057344
0.09245122737084824
0.009659466461233461
0.00882079304153762
0.019247864560805843
0.12018520736491278
0.012047112980952835
0.16188378082321356
0.038602350882998196
0.15713099798110106
0.01635109720881403
0.05782490816780147
0.0722430096200681
0.0531646151914245
0.09840763988630992
0.1675946705690245
0.2592319705911257
0.16700637629426054
0.06193370976317391
0.09355428648308585
0.019763889845427336
0.34695036158312054
0.016989245720090536
0.007027383096349717
0.033725302151180726
0.11595657453726445
0.031740904417097635
0.07450750438453545
0.07387761778225288
0.3439327544004117
0.05947992129173596
0.009766234456432274
0.02258689846230543
0.008604068914460743
0.006522363993299983
0.020503096836961183
0.05442066850169136
0.05245922140450227
0.09128577386815537
0.0013200341611177336
0.01929924246963755
0.08939082496318966
0.01617805389919091
0.048129673464609134
0.10250075075167996
0.14253641240622816
0.02139037655046532
0.09310143272745304
0.09717330571819728
0.18322332735452956
0.08816369763571928
0.1640495769144794
0.07504931813033566
0.22122781913609735
0.0661315679288749
0.038043062253068485
0.07817438169106887
0.00337834984455077
0.004790686318516972
0.02626871015789483
0.1779803024861316
0.003611785452486894
0.005493905248724727
0.03179083446610562
0.007485630992249418
0.06435171179435158
0.08260945883949976
0.07840341321478918
0.024451645203791735
0.027797872020040526
0.08407648744465056
0.15457102518081928
0.06010834954024115
0.07461522766695293
0.02950090708774465
0.1018489122123954
0.025633739510893917
0.006363822999749818
0.019286530129368
0.005863601634799291
0.31360266948821414
0.01750416441704386
0.016605385977622303
0.36514614214986196
0.044458543008631314
0.038309443084153454
0.18740803582815402
0.029056254990595956
0.014130390823656263
0.018679800627594677
0.17997653365763835
0.014982051718446842
0.05887741998448897
0.018012382787869194
0.09125617895951663
0.33978202976727995
0.18817618130141817
0.17745233415693445
0.11569280014798539
0.038901587747044816
0.058311534455762946
0.070151274113267
0.11425479040090276
0.20359369500053384
0.008172214049267249
0.07278318145271788
0.1313456959273946
0.06009641036693702
0.008815169380564649
0.022486191865265247
0.07838077128686667
0.12451760172852024
0.015534730391256992
0.07608206559583225
0.13579204329128203
0.3762317099237686
0.07380360167667667
0.3555290821051632
0.08792583169169965
0.002837475935265481
0.11062150348101703
0.13681439183488808
0.0534889069761756
0.11220613396586086
0.06175676624929662
0.009844465510085052
0.03766392202442381
0.016015827467217365
0.09466794781611812
0.1704134727945947
0.037009833003450926
0.08932341809322919
0.037261604958728656
0.0147237306386239
0.5723638649195016
0.45264504614324647
0.09148318743053548
0.038351861531135345
0.0024005718245539136
0.08396158354823294
0.05956418254296005
0.10124948073387428
0.018848525868858407
0.03918101826068086
0.08845215140732499
0.04723398647803008
0.6548309532210619
0.041837632198933015
0.04290947432598461
0.044017397115027404
0.01039646954552483
0.11748556439135559
0.19042766506678124
0.03819008632377991
0.021028175212939756
0.02997820251448878
0.021914927845177016
0.013194448239637547
0.2434424663538293
0.17312767612627775
0.05399786255052362
0.2087918093459907
0.010226833160047352
0.03144405665228873
0.046945096397144316
0.1951462516240892
0.47478509525123574
0.07066178328263868
0.047113609360895335
0.07667251984580874
0.16041817690997262
0.013962950618723269
0.028583285022201727
0.15403541562283488
0.016723446616260372
0.04114134538416145
0.2527308564751612
0.2783195191211953
0.010757262255596005
0.097821104638462
0.06324626027037299
0.06259698866553119
0.0008682570781481143
0.05995018016729375
0.030798016959867055
0.029775434353363245
0.06458000536077252
0.10264516916821857
0.011963376978111333
0.032138343288076666
0.014444724403198677
0.02546380288226022
0.06700509420575687
0.02749118713831437
0.1410455737485159
0.012748091922668875
0.07075954750047067
0.02029498221989703
0.01958112675395668
0.05206336433424157
0.08954156189593573
0.0804724132953429
0.07737983064687107
0.05433276408697401
0.004938678548610689
0.028682037719240463
0.06624313587244038
0.031872041874903174
0.018571209006760726
0.06550095636533838
0.2523252976117637
0.08056201648987635
0.01431041728740529
0.16644442003114132
0.001892720391490099
0.07896984266622088
0.004833679232249965
0.15245895330328707
0.09019154545004177
0.08180057787905
0.22738859882700158
0.3381893905722779
0.07483145287521588
0.1002156875906558
0.3276970170181007
0.0042921468861325225
0.016376290782090765
0.12335292438414461
0.028364521946177137
0.005249183138198045
0.42218898843456815
0.1181728294261274
0.12599544466221443
0.10198497792311677
0.0493235537812059
0.028947684537053202
0.0011447003143863067
0.11722265695060335
0.0008118375304580596
0.07630193800170507
0.12901786545537097
0.07111191626952368
0.15672653773273096
0.09939787258409051
0.18843937189428173
0.001133364463480416
0.061855810690763215
0.11416368368289322
0.021583636113693433
0.09547244527945983
0.07353241025717382
0.01123637338774617
0.1975400817995147
0.0010301811720343419
0.030866723106614195
0.02410537489837538
0.055278870655963
0.10115769235430494
0.052386302197929585
0.006471105053836992
0.020336160598029375
0.04711761697082309
0.01692361907859104
0.01755917296264714
0.01538635476572221
0.014347656639678154
0.09380973822810179
0.046840326415718905
0.053879641801077904
0.05149590603845784
0.07661962613170904
0.0036996103646509495
0.04865743204129751
0.1033545546225003
0.01629604992330515
0.2972037395044572
0.012411866139933494
0.036011787807427455
0.0615894893094769
0.155170119147874
0.10099281531637641
0.013686917093192988
0.01364150361598756
0.08761274358373615
0.052008342751337575
0.16508272722420822
0.03520183424340049
0.036922161531683685
0.10808271233991236
0.026430709231358273
0.07428399404864094
0.14035907250955573
0.05113181193420238
0.01591747582097945
0.1629168061434651
0.1985357167889644
0.004220347118089145
0.13859338308187968
0.022450938673927976
0.1360086052126661
0.007842700254679773
0.023782449592517605
0.15052768318701437
0.07366794728290392
0.16351836696575914
0.13919571557210922
0.01769275071959184
0.04646282777986833
0.014339962151519345
0.2358128925772053
0.10443093349329716
0.04306490939841105
0.0012800499679938124
0.07394293931001235
0.1908346576267522
0.03881811208958305
0.042922257683407274
0.14642021742643238
0.01919717766704496
0.027754805528795584
0.0007800160775071235
0.0018570877522277216
0.09822277519460486
0.0188827370021386
0.06010801468066226
0.021422783751542336
0.008957189244158753
0.28192551846443953
0.08431036005048488
0.05986410666051665
0.11155183196044663
0.0014899233186264995
0.03586797467147316
0.06888047661492157
0.03154160041083555
0.00021791036435925344
0.06424923814741748
0.07747381048720402
0.004093086205665226
0.1214710337242411
0.049855103719768715
0.07888991987998324
0.037862412216580654
0.1692843794130128
0.510088132846478
0.07712986329575518
0.0019692872060141984
0.24351933860163286
0.018033967033088984
0.22636182738227661
0.02163051606632179
0.014622392369688285
0.07645670096452542
0.1112463385154518
0.0017126455574928369
0.28910597198476096
0.0007643058179749674
0.024622067336459046
0.11413726345446779
0.11983463511554568
0.05311170746812185
0.059390064085713054
0.21037124549369884
0.014091226996388513
0.2159747244635153
0.08590303446113509
0.04239417497892286
0.06672659217824121
0.008083078033610521
0.18426849827428535
0.057492446272249774
0.13433794293069967
0.022550046856288322
0.0013618744758875597
0.05427028319253454
0.32281629264458644
0.005621374342045961
0.09647951241559684
0.01455999026964099
0.12349666199245089
0.05271885279992348
0.0922994535700885
0.00041730671055814834
0.29961887253323277
0.4112643583340643
0.05673518067055352
0.2662076924389018
0.01623086341996718
0.23472069068477766
0.05432835509040018
0.008286647108145554
0.0021666922970598004
0.10873198654854424
0.09606917821860755
0.08670422085699872
0.005015347614441485
0.0998300967751106
0.029544060044131543
0.2260171767784216
0.17207932532266365
0.04632135312010268
0.010586520082212402
0.02573559107717678
0.022529777338438074
0.015352442679198977
0.06499492498481535
0.017421243753931562
0.03427069269838758
0.054528154148639034
0.16827496373442685
0.046665356444021366
0.05630719089279104
0.19329396531374984
0.08405633206658648
0.2431655218939516
0.16746717769834288
0.011869867938057374
0.029660624945112433
0.01950378128445202
0.10517794509314637
0.03875909236279103
0.03283985054182679
0.09567176522004577
0.03834513759956235
0.03795458805836663
0.14069056049300577
0.034065391691889046
0.04289751618155761
0.04212888974954725
0.15643550579315563
0.23665525211464875
0.08701017528438665
0.14810480957296185
0.11460355214156978
0.01757903798207924
0.035675800466733305
0.05636744762789324
0.16040441884307471
0.0016471645074815832
0.03837467269616154
0.0916268100863901
0.055888663868830936
0.03230026107872929
0.09205628226978993
0.045506371913984905
0.1052536529811192
0.0015787401144412713
0.06207130699256058
0.019647888577920644
0.15350283263350092
0.18951276199482553
0.10578194421709594
0.08719296863454108
0.03390355638951719
0.003420344285008137
0.0576179960103469
0.05479963490898715
0.11902037781314485
0.024486956545688447
0.04708820205029111
0.05541722091730683
0.0762791127913102
0.01245947253469815
0.022586074662579878
0.16673817862504614
0.02822516934102013
0.006981291350344465
0.05188307748996059
0.09702673568681708
0.05422779755074862
0.23455903302563821
0.04772795029464959
0.07220914840091708
0.010697888766425103
0.19735206361930588
0.02464535362290911
0.05213718013871109
0.07162505432574554
0.02270620371274746
0.07036603239168274
0.0013208208436238016
0.02137567818500419
0.09467280727683665
0.03365459355328482
0.09000144029225772
0.13170882827956443
0.03865471380220679
0.047810099435900436
0.0014343699620633643
0.05036987117683034
0.021239340465653064
0.07729918011818468
0.04087629559505812
0.22559226678052563
0.005458636016428533
0.12293415236080471
0.013136598043782102
0.059209078951545674
0.0500120803103741
0.009718126241079485
0.20810730678685785
0.052019022428732166
0.017483869788547934
0.013650460460096218
0.03604033875150796
0.07716758867678784
0.026939601597537045
0.11329297650386422
0.05346967685270649
0.055256834307580396
0.0004200330811331582
0.018598731329554634
0.08013237776157241
0.1529605793236769
0.051987414608371384
0.00035205107878518485
0.004376170802650851
0.03929686648842957
0.039990555105061304
0.002879087932570806
0.2235773008698056
0.01559676052621856
0.00887020208221854
0.046459951474294096
0.09985894303421425
0.05092414930993599
0.09708379398301852
0.011501049519985523
0.02969319079155317
0.07936659432365988
0.02187372904351539
0.0874630549764672
0.060199342078599
0.12156835103322351
0.02354169333346392
0.07274540715347823
0.11127670500693737
0.0665973554418577
0.06345182752610398
0.14797376694084455
0.030134584059638057
0.010968247038447546
0.034873194531594855
0.01451803126863171
0.005906351362362922
0.06482307163404752
0.03333616585206808
0.1238732378378072
0.022665166019677344
0.0074419645137278065
0.03208719872340712
0.0074256304564112715
0.014741869696686583
0.004436434991737123
0.000979273062201544
0.03069972172029337
0.09547257172507893
0.09973732832596119
0.11281264181187768
0.04407754171673441
0.02278400742695131
0.016961902708864655
0.0028316446087797587
0.09790950223825036
0.259090698327832
0.06679965847807597
0.005524808516014698
0.09699607327785274
0.2963371554960458
0.15544053562421534
0.051071165143089084
0.009033036384083494
0.008869537508350366
0.03363434400566856
0.04657948011301896
0.05309249709103942
0.08316982702660727
0.04319348216003758
0.01037818958348396
0.008339255645340977
0.1662651636181417
0.0072144094976390035
0.049501174375633575
0.06025538411821847
0.06861398275519409
0.04130553549926365
0.006146981519562609
0.013107795268893286
0.13009175169746257
0.014370521133762125
0.05077169307207792
0.12947771250440057
0.011790610465029541
0.08643888016953132
0.12068207181622276
0.04627187346300502
0.019738865735707874
0.012463527304988623
0.07148395935926122
0.054142021747579476
0.04699623611160932
0.04854537250005818
0.020299006923003616
0.012271062540470862
0.07537241098230485
0.006116702965379579
0.039736425426003426
0.08073532597809988
0.025240976402827176
0.01953997509715243
0.14707508526475596
0.0812988664850838
0.05130775494265026
0.020627417575195393
0.024667696553872936
0.03476219217458194
0.0515736450734282
0.04779192881624782
0.02563492976027129
0.014423692049722851
0.11051506969438847
0.039411152786765644
0.01269536538613486
0.004626441330961497
0.08262303485783898
0.04740739317960184
0.016256899280359737
0.20087660088543985
0.0005988447012074538
0.0030945893001323114
0.014289861057414744
0.13034756640929687
0.010141296143691816
0.061045094780048575
0.1414039060284384
0.048722522218138296
0.14885166967778915
0.09078515479386175
0.11718546723221165
0.008757353511285688
0.05364567183552438
0.026234055531660867
0.011772854312607516
0.0015324283877000678
0.017530297145982567
0.0019847848681297294
0.0427506455955643
0.07401538515085232
0.020730197493133283
0.05013471839456219
0.03851649412614342
0.019819564718750148
0.03086228834478319
0.009731906269706752
0.19445621184164957
0.001238023325747046
0.05979038499303077
0.05999872640842568
0.010386269430771271
0.001005081866375818
0.059317459216748185
0.08991838739056553
0.12928934213878515
0.09190010721581894
0.06248089783166296
0.030331479481113754
0.057187025476933606
0.009778038253691522
0.0736630712130291
0.0613380605724842
0.1120595473737595
0.026674928716625374
0.04022869604171062
0.008398093904885967
0.10033718903429449
0.012963202278559753
0.0035593663128170696
0.0020331747083427248
0.044912582418835154
0.04688346851735004
0.09250771386088082
0.02164839150155493
0.004215102708244161
0.03414864647896574
0.04234601306145615
0.14730423278715807
0.013466168817423062
0.006595388486169981
0.017175673384916143
0.03216999287788695
0.04412024819129544
0.05229027716380102
0.00170759924017108
0.01402080731798175
0.10016334294542205
0.007729366225932227
0.02183004415291868
0.10464074403719736
0.0003259461817318251
0.022246520440779474
0.0033265827649803805
0.03565315011928248
0.02984780148603245
0.043019897872881616
0.021890839206910446
0.01609406876743465
0.05574194205159096
0.04069465902513392
0.0239512927318789
0.07769950379959395
0.003205250443446665
0.052758249144478436
0.009557947025938523
0.19621934208057115
0.00658664780947203
0.027512301038618
0.0026567414721284303
0.003604979001036466
0.01189683171704259
0.14201406124267632
0.08068834288843908
0.023303312297764018
0.00817938602412487
0.03289938004375873
0.07053387977967286
0.060403132525318905
0.04905030133696703
0.005670236657222
0.00395750496996058
0.035392029801015
0.03761102828985321
0.013114928728713884
0.05089508344442724
0.00567065600655974
0.04178017791390621
0.05042766346489963
0.027217135859532608
0.04089716505491762
0.015905198360888217
0.04478619331538066
0.11824969117972854
0.037632630155543884
0.01569289056671909
0.039040846740960394
0.011757513831816564
0.02071624544292756
0.01411415253276825
0.11282228725184426
0.005808466205287601
0.07039509867826214
0.036932045738807755
0.019891127658127793
0.04763296664484497
0.014087441173843127
0.023620548577752115
0.013633696708540435
0.021053398517492994
0.08615883029617634
0.013687384119542243
0.00479096369042707
0.02796008424028716
0.0019236671049102647
0.03601748265160408
0.036489427924274696
0.05862122529356363
0.01869613799954838
0.01159026001041048
0.0005677559950888283
0.025688011698349788
0.017198849822465754
0.04910127033546655
0.03990587754284014
0.022134157042690755
0.02051916932274423
0.03418878889370778
0.016656673966562813
0.028995947292442713
0.005466042796592347
0.040845220508273224
0.01796285547157486
0.0016485394604441514
0.011870000474303973
0.0015244426768690087
0.036937043409347586
0.02636117519932973
0.012715430600268359
0.04955601184330045
0.0006957098314396406
0.0022970903680703146
0.0063797738550029175
0.019249642973886157
0.023571150445885636
0.012893907118218587
0.0007703695082936117
0.0058290791915328
0.04038618981734373
0.04212733274115879
0.0188252819917064
0.01791729249438597
0.003908290980771382
0.006958458519293335
0.1014083255143352
0.018964370331837135
0.046384804635472704
0.03494545407810452
0.017994695889779488
0.0014795412520755462
0.0647839719705614
0.02049366523939343
0.010583710949812352
0.00044580247961545735
0.01929265148846854
0.0038819280107928143
0.016429613696663396
0.007105487175029816
0.05162474891461857
0.003091758667685442
0.004682772380936157
0.039390457351130344
0.004473084672385963
0.025476437796967667
0.011900632977871953
0.01063319750599609
0.002482754489107023
0.011580485223222135
0.0013399043428412533
0.08124555816610127
0.0026484809149658474
0.0045128920188545465
0.09049248155851088
0.003672514957049086
0.017279833690902528
0.006504432579258908
0.003445355137736378
0.03016526014771651
0.002904365406339893
0.007424613647516289
0.010721208568688922
0.007167620118223025
0.05495164073241802
0.0334957260513747
0.0038211326713830664
0.11462925546558336
0.04452274352272586
0.05948913368465221
0.025072021807826347
0.048658276300317584
0.04441570655644924
0.003412898558985232
0.05069578654724656
0.03672146219443387
0.007882415080120202
0.008098815507839538
0.000847646081217566
0.020660261767993886
0.02205735972766242
0.0076336167401084235
0.012200760784743145
0.0067847109279626375
0.04483702133014812
0.029028318258140052
0.03289507191519369
0.016821028083571585
0.007492921901827545
0.03748069132211496
0.0057331336492431224
0.009349636363645945
0.010493254947597388
0.00850877598538579
0.011676749157544545
0.006998121021184922
0.0048372844614477176
0.009547361620325748
0.027381014124051157
0.0278271327310688
0.025990428274233333
0.006705216017146969
0.007199715617568129
0.029592537909585173
0.0093135320235674
0.029822588747869715
0.013783232905527241
0.06965594049817575
0.024315499137914927
0.00878844547736367
0.06463272125308567
0.030166376913613815
0.0043854390140897915
0.0040321184004963335
0.024557210220782767
0.037931704337668515
0.014324130730020136
0.020175068718674825
0.011167179898875544
0.04560730348227306
0.021386870716214132
0.00025281738982159115
0.00273698335901031
0.038676739649764584
0.0020905178901389804
0.007082752882290937
0.0032649911444014353
0.02555377389418102
0.07124892482196651
0.00423465734222429
0.010230819158155253
0.027522487205950085
0.016201564314181568
0.0015941241280361328
0.004160561038757099
0.039470863420200286
0.012707946757579214
0.0029665666534849943
0.0026556123099477644
0.006889839363451262
0.008425533177579736
0.02168870439012277
0.0005431845924880954
0.008354482873950676
0.00020237481580461468
0.060937534555427254
0.006851300929369591
0.0041272080292851674
0.031670380759223134
0.061463383471392415
0.015855671906376843
0.0003443468705335296
0.013430354682164887
0.009100195877958198
0.03440972953013805
0.007420204620090757
0.013127224460191688
0.00050095639350349
0.013392791365671484
0.00884523130532249
0.0014532679818820623
0.052396010411951695
0.0026701653026577786
8.18032504953901e-05
0.007628758249389352
0.0280578457775957
0.036749110450490896
0.008577106582893205
0.016617829314840706
0.02610644231432409
0.0028667416962424672
0.018918221805143295
0.019765946179206434
0.009962719574313326
0.025773624496943138
0.008211826905330089
0.0011631557742186997
0.04621612543866147
0.022785666379703695
0.01558654800515177
0.047716656101574495
0.006305037072068776
0.0005874866953657016
0.008658409838455306
0.015735581593916186
0.004218045366744838
0.015005199695999418
0.013225775051809722
0.003719501264912673
0.0007214212795295067
0.0008058216810803516
0.015567469709987378
0.028121805214846234
0.009825249708192391
0.005250249300299109
0.004261029216725801
0.025285808914107605
0.0042772920971261025
0.01654309181408431
0.04112298787634916
0.018739566338674577
0.0036146560634130447
0.004285037116268431
0.0008245983648732098
0.006891339535635868
0.010705793544868163
0.018005756865878658
0.001919890494553724
0.01373256563942433
0.01443716803716976
0.0009289006040295467
0.004279214011542779
0.001549410998024713
0.004458640958887256
0.010444129362524661
0.014403128122061994
0.0412330463313919
0.007676056520930918
0.01927534099070103
0.00028484392310403615
0.0062669414626633085
0.02685722781337222
0.00034674915021545497
0.0141080319797855
0.007301282869871079
0.012177533534926944
0.016477502445276796
0.01311527369910451
0.031448413709575324
9.427977222617366e-06
0.007441092493745683
0.013243152538675645
0.006836295683266792
0.008051390543875173
0.0029761954406628257
0.045776856765138305
0.0039024371619006733
0.001030261923508465
0.000529612850194533
0.01079273149030201
0.05077655829890572
0.006756045228079634
0.006052171680044492
0.0004471878385977133
0.0016174869646338442
0.009793221813908107
0.0008226976502287132
0.005663330083308694
6.130915446860306e-05
0.009807392831349494
0.018267998276208786
0.0013893263076783962
0.006349128861569851
0.005501290381614572
0.006437609679083763
0.0021395728706792515
0.0020814882158416118
0.007707081746533443
0.002526039744671296
0.0016290479019582726
0.005313221388268966
0.004565065842073484
0.004576005475225309
0.021789649102334743
0.01754746056359154
0.0032950193185120598
0.011969909905789257
0.005659665250886691
0.0048339452641721695
0.033800540258878214
0.00021121649230139647
0.0062339163632102335
0.00187620587238554
0.004370964558904902
0.00468072378618987
0.05707547246609379
0.006317225957830407
0.0027508907806757044
0.006414233474961882
0.006118586045269061
0.005044559304392983
0.026593121445655277
0.005434468808210466
0.003607068217091095
0.004347302123702642
0.035148689032989004
0.006588835011973849
0.0015421329758242932
0.00021597500202230754
0.0281544659063633
0.0034426038107229105
0.0013468918667759937
0.005802186162744118
0.001390005995145417
0.0060357058028364325
0.004817064325482607
0.02095609515973731
0.0020032694080160812
0.00041675889750715565
0.01701511750206748
0.024468163571992135
0.0010813580930815845
0.005549118021010972
0.040973151587737636
0.004953994800657179
0.011530198606975722
0.0018344299927315253
0.014970473963356068
0.003473455107745536
0.0037113937170446367
0.002427550610935771
0.0017773333649659477
0.04194230836083861
0.03192938309724519
0.0070505098866382385
0.04790559445250256
0.001296519730321143
0.007568751296506715
0.0045505770167699
0.0003657053578094906
0.003807780057014184
0.023025117805411086
0.007109480369359757
0.008567673295332605
0.006138835274540473
0.0021561823780578727
0.005195117279387857
0.012731531680007015
0.022896234219337046
0.01826125857775257
0.013832307905947588
0.005893645225346071
0.0031907132054481264
0.0009688557774184103
0.015057474141477819
0.012884776834127481
0.0014866380531697672
0.004467399199490524
0.010167584310991244
0.0016540789091021206
0.0009326128822067625
0.005486379827821391
0.025817084529800232
0.01568492701735297
0.0020933340403594763
0.0008964600961651411
0.01610214044590028
0.0008217204109565259
0.003251147066814234
0.0045133700833204105
0.00390314589362977
0.022811032014034636
0.0007821689424589607
0.008871641657430948
0.0040553807098096676
0.0030451618953066047
0.0013728357112445732
0.009387002450098825
0.021514533340167574
0.003417953753109256
0.012510342594507342
0.0007101790930586091
0.0066376590710910495
0.03352742992159931
0.013464564603502227
0.030032911946848144
0.00983193666758545
0.012515125626966984
0.0006531445822413411
0.013353273660820314
0.0010468799480880463
0.010519790806271096
0.011512669552089431
0.0014324035195496982
7.03384908237525e-05
0.00259126745911616
0.014046406877016939
0.00033217490525181754
0.029107068555469864
0.014236276616264722
0.006902764573732829
0.006021855772365506
0.0065652485491153045
2.6770377057505877e-05
0.0004643452743040025
0.0009524523734512771
0.003840115646061641
0.0007567605274042971
0.005362566558558153
0.007238760387298319
0.0015579818989496102
0.018824897525210174
0.008216794257298786
0.005028472775235681
0.02193800198563535
0.016857369709179264
0.012813266245852897
0.005057914960917825
0.01530133181181396
0.004126828847524409
0.0023626628598316267
0.013377571680584155
0.003457105344921755
0.007096717834672097
0.005616920266103769
0.0007080491212900246
0.0008516125264128105
0.0075145106413012745
0.015770296691726023
0.01461651612470716
0.004902004715665694
0.0023510548579947325
0.008040771229792675
0.007189566782398628
0.008525885973184957
0.014477992847897445
0.00032559463470240946
0.00024269756887808144
0.002152436474903364
0.001732816474128684
0.01242960823834947
0.008813025582822568
0.01623560173504484
0.004747347810751391
0.007362377565577526
0.0037562493576303794
0.00679677975714465
0.007546939380380244
0.004678297619908151
0.008126894634772418
0.0009451242938537004
0.015122923139134003
0.0014943916415656323
0.012026999801398501
0.01125579202628399
0.003935003700012396
0.007609427379585973
0.01291726523385516
0.019800154286872578
0.015664041819672687
0.009450469727467058
0.009639713203462642
0.016422597895495463
0.011658456619201063
0.002596511232655003
0.007159952650739073
0.005468274059690871
0.00048711934586211466
0.006047565222548575
0.010047719226959462
0.003388913031196542
0.0009501744097321179
0.0018708785824580608
0.004744601053110043
0.0012927673959369215
0.0010405316155700668
0.006617965163779877
0.006060070838904266
0.007730895272789254
1.4675544225260481e-05
0.008615640161902634
0.0015534122307438339
0.01468350295550572
0.00508139755950922
0.006838524265231102
0.0018760902340963898
0.0003862030319153899
0.027655106376247626
0.017536235194055387
0.01351934499366039
0.0035606133391436665
0.0074737051433737675
0.0007677902177799486
0.011017170999002259
0.012263762347082745
0.003253707719308159
0.016731665718158758
0.003933297914146944
0.013382045916067682
0.003110073977867298
0.009714879483572138
0.0003437355227637405
0.003567988074791583
0.004126639254856984
0.0012266600095487347
0.04566181764814585
0.00013691377787521903
0.01578545902681794
0.010001239716599929
0.01029800607572275
0.00289441802308605
0.018666153450914685
0.0035690934840044426
0.001263667464271481
0.0015097949449154415
0.002469901699295011
0.0010952066884527115
0.0041190728662446295
0.006350639490891556
0.0062769935776216266
0.017006786262401142
0.02341041081478882
0.025131658048677116
0.007133687970952091
0.020536088883188724
0.006064160378441565
0.004380221837764473
0.0020541862633956225
0.0008515301957567924
0.006265918211689671
0.001638054085354729
0.031157508890125557
0.0007073739927544562
0.0057112810268777625
0.0028584303852960285
0.01495458890595311
0.009721895544400703
0.026417545507771742
0.006724302651821462
0.029420740699579954
0.00896863857447977
0.008369129122461497
0.003707342232614034
0.003921230453964787
0.007949395366215434
0.0038362502304924574
0.005951448509216271
0.014281405858345524
0.01811258227151525
0.001951645569070582
0.0029054913119348907
0.012357099854381588
0.013926511657287895
0.0039253101994219265
0.009851070765220285
0.0020370734893493427
0.01478560550849083
0.028806629836870736
0.018065974754001915
0.013289979145994746
0.0077379250224052475
0.005687874034086548
0.0006655538708136422
0.0023796130689559755
0.0005792049557723353
0.007496692164310946
0.0017473426700783988
0.003238664524695383
0.0036915094374597775
0.0077146588476294554
0.0033178089891733493
0.010372497809987214
0.012397036385836916
0.014835662263246207
0.004262386857812354
0.005439677041092731
0.0029313642371558155
0.01846516641071672
0.02288436965205112
0.008800115316224386
0.0003390580898464956
0.015508850049368078
0.009016729838566646
0.009449644900216965
0.00734498206309652
0.00995047844745298
0.006752223970014704
0.003240047268609896
0.007629409723613695
0.000743947810168822
0.0010045975971544627
0.014485906455157033
0.005060741648224312
0.009219406866477882
0.009523719927414756
0.005275634998499549
0.0060946722057759846
0.00970989849881025
0.0043828464354410245
0.004908102724504449
0.010135945779339007
0.003001412419111237
0.007687726546463185
0.006385047254370667
0.024823072092998024
0.00880530494875416
0.004295965611469047
0.01716052863316234
0.050283947106182864
0.0052434797575869364
0.03294973360401274
0.008285201890191517
0.0027836377208822318
0.006154335176175495
0.002468901759084617
0.0025196785433890738
0.024229700422390227
0.0026670619557164
0.012729535262005294
0.011490684759799105
0.011834405576688503
0.009400288942966451
0.0005448316038773858
0.00013850180187438497
0.022424564314886517
0.00653685713161219
0.0028456507975137975
0.005706525288708743
0.021398866841745908
0.030352136009680158
0.005987732995854173
0.011698965730775052
0.0054292235465441445
0.003811888610361276
0.009584938366568006
0.025952871462559843
0.0005976097467360971
0.011855546687005091
0.020344523189081802
0.0012495592756360126
2.5955777319337303e-05
0.015579294486600122
0.0015982695174304703
0.00871475931373613
0.0038849248811954496
0.0008801733805745145
0.006571413447853777
0.04994062106648355
0.04071175557654386
0.00427965122681758
0.0025007340273145483
0.0005511050012404226
0.02140704011895824
0.01154924513733918
0.004484095859195983
0.013323814064244998
0.010107914308089067
0.0029291983807174073
0.001295715075380213
0.00502685963984953
0.007665089850166074
0.006868212526975773
0.00459020734968971
0.025691785920138103
0.00832690072932486
0.003999603328997707
0.015640940155442908
0.004813920153865932
0.0070780895878003475
0.018124203209659382
0.006633428000945517
0.0009304742245462487
0.01645538496752503
0.005233262736311155
0.007511794743715195
0.012209369739841656
0.007677158419362291
0.00010974976917231298
0.01179380731409898
0.013459495602629448
0.0014005321833500711
0.023968809163343725
0.006604583117791994
0.0018917462181104604
0.012342972369990435
0.004541800288075678
0.007755718861298894
0.002436950758580893
0.0006839779032469095
0.004344455851119284
0.0053270989563907615
0.00723851852814506
0.010540696496955309
0.01585124420803304
0.01146852445718972
0.007963827508454506
0.019606637470891586
0.0044616105652401615
0.0029468275741163577
0.02154455364958133
0.012091054503073214
0.028882522767110466
0.015367942828262612
0.012660320707914615
0.021232029187883448
0.013020760299449563
0.017695219010667656
1.0972873679913552e-05
0.0006939984169677789
0.007258059273512867
0.025921502252026413
0.0009106701231997416
0.03278831012216484
0.0009000278224350382
0.010097577584569256
0.004272946128237443
0.025583777433581
0.00012193322825714983
0.01637369399127632
0.002174851905837481
0.03405415189692788
0.018766003502805474
0.020769470526071178
0.004648087477118391
0.03506630946972369
0.022563503756196937
0.0011951059730668512
0.020055229716878262
0.010220548067000389
0.02335177729261588
0.00477535347333186
0.05995180269576655
0.047668090989002376
0.014038396975147013
0.0020657070704450113
0.019546809270966397
0.004119888101875608
0.014771676249774685
0.005535963916526058
2.9338382667676934e-06
0.004844141883979084
0.004886460006054939
0.045685535055949585
0.0021371744199076156
0.0011815896894375663
0.018667263144178044
0.0014618728807579541
0.008107430909928402
0.03788996667202023
0.02214512741756329
0.012658265811358123
0.011393784189477865
0.022460528529370766
0.0567753296559526
0.011807611696357375
0.017423000972280132
0.0020027194519333983
0.0017399597366271802
0.0002791479929913581
0.057204223204285955
0.016143718283599715
0.0069514391796711315
0.012281603727039004
0.011332754599240186
0.007496501550915311
0.0018266964336769154
0.007497271878596131
0.004093805744187989
0.01324498710418432
0.008696812899320847
0.12064344378481408
0.01854363114751993
0.012874335709655045
0.05399021468627671
0.007418039760011535
0.003209667974171644
0.015485138425075777
0.004187781566074496
0.007070431261029387
0.007634998358789445
0.019010895059940403
0.010771037126441167
0.001589670838663117
0.03654428410278837
0.004934074088399737
0.02063464157608039
0.0023969645269250545
0.0024889885335982707
0.01765896224047798
0.045444388999189
0.009178880282980402
0.03057181797479455
0.011667871698835229
0.018542362661718124
0.001037149884415406
0.06530586642316694
0.02154078781331513
0.018991794341183664
0.020461923074041405
0.005462086669338704
0.0480247497069198
0.010778330103614134
0.0054468298650944685
0.004477421253272429
0.04374322996301318
0.072963411781306
0.02539768525581437
0.010303899841625625
0.027939846681842975
0.0004535284485653221
0.0031276779898428836
0.036582756427568065
0.013883998740577243
0.01119264050823677
0.02292194832931103
0.003589060190759852
0.000621942887699512
0.03346030490102428
0.00727278896966992
0.0018265387708596538
0.0073967051154578784
0.01992933700161937
0.03470329607314576
0.014870904520127596
0.010851913721762807
0.03656054358255148
0.011860951492847788
0.0378393740451381
0.02825709859945996
0.018489710923323143
0.027007515699663334
0.023566301656911783
0.0028819014041780917
0.05381339720622168
0.012557235347640038
0.006575057072158175
0.00378445393598911
0.008129412722028849
0.009245247604880198
0.003570156085269145
0.014015044655985924
0.0013642979666965822
0.03785174508782757
0.0019613878088862165
0.041268963115059704
0.0016941607015220146
0.02409356114474715
0.016198923161644483
0.006719644219415059
0.06373990354062521
0.0023348155861131208
0.008577113090792989
0.0016764391219339719
0.017270238130854872
0.00439948414751426
0.013583907767994077
0.035241134326838064
0.025635108212893644
0.014333701924608446
0.0512786615993121
0.0634533348585789
0.07143550947890505
0.01373981920658569
0.01843579693849982
0.013613730716225007
0.003553028956381947
0.011567677257827133
0.010590864741457996
0.013158487289463023
0.006330152878735783
0.04018476069463214
0.0005734667790264172
0.013445282305659936
0.0512960283515146
0.0005468850457264706
0.05126416406591535
0.020039380578050894
0.02484031077696402
0.029496647776457312
0.011130578034177406
0.034874523591160445
0.003670779524102799
0.008185791760761252
0.007080944702139273
0.004769833708627404
0.0013022332204496044
0.01259196646046136
0.01709528346359002
0.001117003682339431
0.003861720560163336
0.002389583480883563
0.0357425047914404
0.004716461686487715
0.005327571368080149
0.003348964996278806
0.026404148372290777
0.05890234992469403
0.003197084107709329
0.027242592741007998
0.010697006424661839
0.012837195833663863
1.771894639232889e-05
0.007959970005270186
0.033806693483566914
0.001251886638456522
0.02656199671262749
0.0004707743878675503
0.004301706761859008
0.013716689019802266
0.00441060614953653
0.050591446553747185
0.01838009542968631
0.017170287693393262
0.0011286906989551777
0.014472279020307193
0.003998286460976912
0.04370125679083876
0.009670091094351
0.019917925660453632
0.006286570559773515
0.026877881228213718
0.014623613701586881
0.012604201315283978
0.0058515454776853215
0.02070059177698347
0.01818093588899641
0.005248041830975993
0.01967636937264968
0.022118280581027324
0.001442791453754573
0.021175899453078562
0.0986615921430108
0.002375327633201775
0.005937862930636116
0.030583196542323436
0.04034796031252654
0.03808821625384141
0.029592660023106034
0.00149314389143522
0.061379191484641556
0.006947904733238877
0.01841659979450611
0.04757162282172432
0.013435846039881795
0.04853124140177744
0.0026872846578036105
0.04246066448964127
0.08126012433039452
0.009697362793480336
0.024255084917335426
0.028853881241587744
0.04610236887996176
0.04690945215388446
0.003158125359736387
0.009956773526984397
0.009526988224101347
0.0022663095095866188
0.001539616648577573
0.012916405119075887
0.010693282854667897
0.047407753804490076
0.006283053821659965
0.029888894569016954
0.058169692885659346
0.00031321684737584647
0.03532718822582359
0.00031246154873181323
0.028811777449783426
0.06171786635462633
0.01915049076652661
0.001858694809332591
0.01388006149913089
0.0038572833321719084
0.0254295731827801
0.05308544550117958
0.03010653338303102
0.013548319505098721
0.0002896951723990411
0.0014790260855981415
0.0006334807315278558
0.014642155433665538
0.09421902445720569
0.02490186646048701
0.0647175786685754
0.03885812291634563
0.016849142949304636
0.0027214261516030134
0.01774514372662818
0.015101585822330175
0.003471730244423402
0.015408126287733654
0.03243356129902285
0.0009817784014932633
0.00943359043480313
0.008506494280761992
0.05665577598654549
0.04657906114692649
0.010425311242270183
0.04439827904955984
0.017404785215779178
0.006986895955445694
0.04665359865877229
0.03500737091167405
0.015230348347709333
0.031712189952622885
0.0012008937934288142
0.0004806768347622726
0.0029686749769805326
0.030520992276482594
0.05122234080255479
0.006699318808985184
0.005944833598883035
0.05112737182275869
0.029731040204459224
0.011505105591756017
0.08867477304751763
0.0300964665866709
0.013244790262363812
0.03532854772755886
0.017293872844186632
0.03869263148985554
0.13189684403873853
0.011635790942194314
0.004059715760934885
0.019328344637719826
0.06035161356244352
0.09836607777318328
0.009753055182159664
0.013707923816451308
0.027471014331102044
0.015272452615177526
0.0030101351131508404
0.04453192150227471
0.01682354683705547
0.02420179657354225
0.008347853754851552
0.03994924224550232
0.008850517234969319
0.007027811605663967
0.00033082364822879546
0.030596731206270135
0.01641451938563897
0.04499055951736204
0.009216029616071944
0.011245070456887675
0.003764053626630635
0.03903217215492057
0.038043894319714236
0.011845270545107619
0.021155212046208405
0.017716690532482742
0.001904926847395229
0.022355698579595757
0.0001271448562172436
0.009395552921622776
0.0763046638461495
0.003595254436944082
0.03326725680917465
0.03968009142248931
0.019611718841731577
0.035910544428868624
0.0045464093278059494
0.01792997441652037
0.0030290275828031136
0.0024275329765105587
0.015140992693500653
0.06350561179625608
0.01807512166749259
0.10352341745676588
0.0756252751570546
0.010265692038820148
0.018947878948577846
0.006099250603332591
0.01938677066647799
0.0012423146799834053
0.0016862918745892957
0.04740979949807076
0.034529846951640256
0.0701694875211858
0.014857991588435404
0.0007680458158737471
0.049906553385520344
0.0031499200437556415
0.008429696535397466
0.017404772969783638
0.0049386606608778595
0.004000034895223281
0.0028485598322127033
0.009549557554390043
0.0010080210054462962
0.016199904134381393
0.038918931695639626
0.02555884279330484
0.013056090387660285
0.009590206633628152
0.01926071137479734
0.009042469310031304
0.07313263247157167
0.015289081511166478
0.03165244318751544
0.06428555389288695
0.035051639452470945
0.010192829210645916
0.009979632091151448
0.04658524195275207
0.005559215677377599
0.006523881518598267
0.0034414673541122223
0.03184202677461831
0.09059991002514764
0.05331981389776923
0.06406667743125206
0.06103981719054232
0.02422360429292583
0.10807050670549435
0.0009247878335529525
0.005539977605636119
0.005146060897073683
0.02059681120437075
0.014324222928128419
0.08234133046854476
0.0423776716920343
0.0265987621372644
0.016008040836655177
0.03175248752956403
0.008871392230409557
0.014105182366004802
0.009812796188187393
0.019622443522371066
0.009311500808383126
0.0031604012557115563
0.004149103952299929
0.011182236254611299
0.04924775864460348
0.052237010269905015
0.07274208639883945
0.050066346006775474
0.0006221369000028941
0.017178707593405763
0.008044135255983853
0.04546094620845903
0.025254982936303925
0.019830922284167735
0.004441531538924855
0.021395642084704347
0.0473955580569143
0.0013584268192787608
0.030292327316810537
0.05335313385194151
0.0010074347701955703
0.021577633310483478
0.0068679467380005285
0.006864332275635689
0.031120560583173185
0.01964464137441298
0.002789769299921413
0.05909766110717988
0.07549244683241903
0.009138849924362698
0.007844683051840095
0.016778440836730128
0.027315420268986423
0.00875231633167573
0.00404165480011455
0.00795392986264679
0.019518264333150973
0.044304917863148705
0.004768998657592973
0.03898036006208634
0.032869860301099396
0.010647662973953732
0.022294067892631858
0.01675236581986459
0.008687119602022873
0.01909864994460177
0.06186133748121327
0.014795540031324881
0.0034896595557329293
0.023752488957829776
0.01630728097070568
0.018633993859587417
0.005177567894402305
0.028814230981350043
0.02815805847435543
0.02887295991071449
0.016122993379145967
0.004847597525296973
0.005913542946696415
0.007225845879282579
0.039640620623527294
0.05928536892928162
0.005557053920316054
0.006800854574826326
0.02352187439696299
0.005563283889565955
0.007107371361044787
0.004532464888293583
0.00955469412092088
0.07574263555362981
0.0018542453293907638
0.034833005117336065
0.09286098903226792
0.030016134561413447
0.0911307641500634
0.069274097593272
0.03597975665030503
0.026423873609748048
0.029695541238753013
0.03700454272216009
0.013017142106601421
0.02575769690316925
0.004103974091998497
0.05913763376965495
0.01923426601289543
0.05844022484768666
0.08829642034347991
0.03408446564337018
0.008950397182423976
0.03744288931611288
0.00028449328561318526
0.007346669821708405
0.021397413486736995
0.026387155234510618
0.007414605983965625
