0.002214695153725899
0.0020844189682126106
0.0018890046899426784
0.0018238665971860343
0.0017587285044293904
0.0016284523189161021
0.001563314226159458
0.001498176133402814
0.0014330380406461698
0.0013678999478895259
0.0012376237623762376
0.0012376237623762376
0.0011724856696195935
0.0012376237623762376
0.0012376237623762376
0.0011724856696195935
0.0011724856696195935
0.0013027618551328818
0.0013678999478895259
0.0016284523189161021
0.0017587285044293904
0.0018890046899426784
0.0020192808754559664
0.002214695153725899
0.002410109431995831
0.0026055237102657635
0.0026055237102657635
0.0026706618030224076
0.0027357998957790518
0.0026706618030224076
0.0026706618030224076
0.0027357998957790518
0.0026055237102657635
0.0026055237102657635
0.0026055237102657635
0.0024752475247524753
0.002410109431995831
0.0024752475247524753
0.0025403856175091194
0.0027357998957790518
0.0028660760812923396
0.003061490359562272
0.00319176654507556
0.0034523189161021367
0.0034523189161021367
0.0033220427305888484
0.0032569046378322043
0.00319176654507556
0.002996352266805628
0.0029312141740489837
0.0026706618030224076
0.0026055237102657635
0.002344971339239187
0.002344971339239187
0.002344971339239187
0.002410109431995831
0.0024752475247524753
0.0026055237102657635
0.0028660760812923396
0.002800937988535696
0.002996352266805628
0.0032569046378322043
0.0035174570088587808
0.003582595101615425
0.0036477331943720686
0.0036477331943720686
0.0035174570088587808
0.0035174570088587808
0.0035174570088587808
0.0033871808233454925
0.0032569046378322043
0.003126628452318916
0.002996352266805628
0.0028660760812923396
0.0027357998957790518
0.0025403856175091194
0.002410109431995831
0.002344971339239187
0.0021495570609692547
0.0020192808754559664
0.0019541427826993227
0.0017587285044293904
0.0016935904116727463
0.0016284523189161021
0.001498176133402814
0.001563314226159458
0.0016284523189161021
0.0016284523189161021
0.0016935904116727463
0.0016935904116727463
0.0018890046899426784
0.0020844189682126106
0.002344971339239187
0.0025403856175091194
0.0027357998957790518
0.002800937988535696
0.0029312141740489837
0.002996352266805628
0.002996352266805628
0.003061490359562272
0.003126628452318916
0.0032569046378322043
0.0033220427305888484
0.0032569046378322043
0.0033220427305888484
0.0032569046378322043
0.0032569046378322043
0.00319176654507556
0.003061490359562272
0.003061490359562272
0.002996352266805628
0.0027357998957790518
0.0026055237102657635
0.002410109431995831
0.002344971339239187
0.002279833246482543
0.002214695153725899
0.0021495570609692547
0.0020192808754559664
0.0018890046899426784
0.0017587285044293904
0.001563314226159458
0.0016284523189161021
0.0016284523189161021
0.0017587285044293904
0.0017587285044293904
0.0017587285044293904
0.0017587285044293904
0.0018238665971860343
0.0019541427826993227
0.0020844189682126106
0.0019541427826993227
0.0020844189682126106
0.002279833246482543
0.002410109431995831
0.0027357998957790518
0.0029312141740489837
0.003126628452318916
0.0033220427305888484
0.003582595101615425
0.004103699843668577
0.004429390307451798
0.004689942678478374
0.005015633142261594
0.005080771235018239
0.005341323606044815
0.005276185513288171
0.005276185513288171
0.005080771235018239
0.0054715997915581035
0.005732152162584679
0.005862428348097967
0.005992704533611256
0.006188118811881188
0.005992704533611256
0.005797290255341324
0.005536737884314747
0.005276185513288171
0.004885356956748306
0.004885356956748306
0.004494528400208442
0.004168837936425221
0.003973423658155289
0.003778009379885357
0.0035174570088587808
0.0032569046378322043
0.003061490359562272
0.002996352266805628
0.0028660760812923396
0.002800937988535696
0.0027357998957790518
0.0025403856175091194
0.0026055237102657635
0.0025403856175091194
0.0026055237102657635
0.002800937988535696
0.0029312141740489837
0.0028660760812923396
0.002800937988535696
0.0026706618030224076
0.0028660760812923396
0.003061490359562272
0.003126628452318916
0.003061490359562272
0.00319176654507556
0.003126628452318916
0.00319176654507556
0.003126628452318916
0.003126628452318916
0.002996352266805628
0.002800937988535696
0.0025403856175091194
0.0024752475247524753
0.002410109431995831
0.002344971339239187
0.002214695153725899
0.0021495570609692547
0.0019541427826993227
0.0018890046899426784
0.0017587285044293904
0.0016935904116727463
0.001498176133402814
0.0014330380406461698
0.0014330380406461698
0.0012376237623762376
0.0011724856696195935
0.0011073475768629494
0.0010422094841063053
0.0009119332985930171
0.0009770713913496614
0.0009119332985930171
0.0009119332985930171
0.0008467952058363731
0.0009119332985930171
0.0009770713913496614
0.0009770713913496614
0.0010422094841063053
0.0011073475768629494
0.0011724856696195935
0.0013027618551328818
0.0013678999478895259
0.0013678999478895259
0.0019541427826993227
0.002410109431995831
0.0029312141740489837
0.0033220427305888484
0.0039082855653986455
0.004168837936425221
0.004429390307451798
0.004364252214695154
0.004233976029181866
0.004168837936425221
0.004168837936425221
0.003973423658155289
0.004038561750911933
0.003973423658155289
0.004038561750911933
0.0036477331943720686
0.003582595101615425
0.0033220427305888484
0.00319176654507556
0.003061490359562272
0.0028660760812923396
0.0026706618030224076
0.0025403856175091194
0.0024752475247524753
0.0024752475247524753
0.0024752475247524753
0.002410109431995831
0.0024752475247524753
0.002279833246482543
0.002279833246482543
0.002214695153725899
0.002344971339239187
0.0024752475247524753
0.0025403856175091194
0.0026706618030224076
0.0026706618030224076
0.002800937988535696
0.002800937988535696
0.0028660760812923396
0.0028660760812923396
0.0026706618030224076
0.0027357998957790518
0.0027357998957790518
0.0024752475247524753
0.0024752475247524753
0.002344971339239187
0.002279833246482543
0.002214695153725899
0.0021495570609692547
0.0019541427826993227
0.0018238665971860343
0.0016284523189161021
0.001498176133402814
0.0013678999478895259
0.0013027618551328818
0.0012376237623762376
0.0011724856696195935
0.0012376237623762376
0.0011073475768629494
0.0010422094841063053
0.0009770713913496614
0.0009770713913496614
0.0009119332985930171
0.0009770713913496614
0.0009770713913496614
0.0010422094841063053
0.0010422094841063053
0.0012376237623762376
0.0013678999478895259
0.001498176133402814
0.001563314226159458
0.0016284523189161021
0.001563314226159458
0.001563314226159458
0.0016935904116727463
0.0017587285044293904
0.0018238665971860343
0.0019541427826993227
0.0021495570609692547
0.002279833246482543
0.002344971339239187
0.0024752475247524753
0.0026055237102657635
0.0026055237102657635
0.0025403856175091194
0.0024752475247524753
0.0024752475247524753
0.002410109431995831
0.002344971339239187
0.002214695153725899
0.0021495570609692547
0.0021495570609692547
0.002279833246482543
0.0020844189682126106
0.0021495570609692547
0.002214695153725899
0.002214695153725899
0.0021495570609692547
0.002214695153725899
0.002214695153725899
0.002214695153725899
0.002214695153725899
0.0021495570609692547
0.0020844189682126106
0.0019541427826993227
0.0018238665971860343
0.0016284523189161021
0.001498176133402814
0.0014330380406461698
0.0013027618551328818
0.0012376237623762376
0.0011724856696195935
0.0011724856696195935
0.0010422094841063053
0.0009770713913496614
0.0009119332985930171
0.0008467952058363731
0.0008467952058363731
0.000781657113079729
0.0006513809275664409
0.0005862428348097968
0.0005862428348097968
0.0005862428348097968
0.0006513809275664409
0.0008467952058363731
0.0009770713913496614
0.0010422094841063053
0.0011724856696195935
0.0013678999478895259
0.001498176133402814
0.0016284523189161021
0.0017587285044293904
0.0020192808754559664
0.002344971339239187
0.0025403856175091194
0.002800937988535696
0.002996352266805628
0.00319176654507556
0.0033220427305888484
0.0033871808233454925
0.0035174570088587808
0.003778009379885357
0.003973423658155289
0.003973423658155289
0.003973423658155289
0.004299114121938509
0.004364252214695154
0.004299114121938509
0.004233976029181866
0.004299114121938509
0.004168837936425221
0.004103699843668577
0.0036477331943720686
0.003582595101615425
0.0033871808233454925
0.0032569046378322043
0.00319176654507556
0.002996352266805628
0.002996352266805628
0.002996352266805628
0.002800937988535696
0.002800937988535696
0.0026706618030224076
0.0026706618030224076
0.0026706618030224076
0.0026055237102657635
0.0027357998957790518
0.0026055237102657635
0.0026706618030224076
0.0026055237102657635
0.0026055237102657635
0.0027357998957790518
0.002996352266805628
0.003126628452318916
0.0033871808233454925
0.0035174570088587808
0.0039082855653986455
0.004038561750911933
0.004168837936425221
0.004299114121938509
0.004364252214695154
0.004038561750911933
0.0039082855653986455
0.003843147472642001
0.0036477331943720686
0.0033871808233454925
0.00319176654507556
0.0028660760812923396
0.0027357998957790518
0.0025403856175091194
0.002410109431995831
0.002279833246482543
0.0021495570609692547
0.0020844189682126106
0.0018890046899426784
0.0016935904116727463
0.0017587285044293904
0.0016935904116727463
0.0018890046899426784
0.0020844189682126106
0.002410109431995831
0.0025403856175091194
0.0026706618030224076
0.0027357998957790518
0.0026706618030224076
0.0026706618030224076
0.0025403856175091194
0.0024752475247524753
0.0026055237102657635
0.0025403856175091194
0.0026055237102657635
0.0026055237102657635
0.0026055237102657635
0.0025403856175091194
0.002344971339239187
0.002279833246482543
0.002344971339239187
0.002214695153725899
0.002279833246482543
0.0020844189682126106
0.0020844189682126106
0.0020192808754559664
0.0019541427826993227
0.0018890046899426784
0.0017587285044293904
0.0016284523189161021
0.001498176133402814
0.0013678999478895259
0.0012376237623762376
0.0011724856696195935
0.0011073475768629494
0.0010422094841063053
0.0010422094841063053
0.0009770713913496614
0.0009119332985930171
0.0009119332985930171
0.0008467952058363731
0.0007165190203230849
0.000781657113079729
0.000781657113079729
0.0010422094841063053
0.0012376237623762376
0.001563314226159458
0.0018890046899426784
0.0021495570609692547
0.002279833246482543
0.002344971339239187
0.002410109431995831
0.002410109431995831
0.0026055237102657635
0.002996352266805628
0.0036477331943720686
0.004103699843668577
0.004299114121938509
0.004559666492965086
0.004689942678478374
0.004689942678478374
0.00462480458572173
0.004494528400208442
0.004559666492965086
0.004494528400208442
0.004559666492965086
0.004364252214695154
0.004299114121938509
0.003973423658155289
0.0039082855653986455
0.003778009379885357
0.0036477331943720686
0.0033220427305888484
0.0032569046378322043
0.0028660760812923396
0.0026706618030224076
0.0024752475247524753
0.002279833246482543
0.002279833246482543
0.002344971339239187
0.002410109431995831
0.002279833246482543
