-1.796875
-1.796875
-1.796875
-1.796875
-1.796875
-1.796875
-1.796875
-1.796875
-1.796875
-1.796875
-1.796875
-1.796875
-1.796875
-1.796875
-1.796875
-1.796875
-1.796875
-1.796875
-1.796875
-1.796875
-1.796875
-1.796875
-1.796875
-1.796875
-1.796875
-1.796875
-1.796875
-1.796875
-1.796875
-1.796875
-1.796875
-1.796875
-1.796875
-1.796875
-1.796875
-1.796875
-1.796875
-1.796875
-1.796875
-1.796875
-1.796875
-1.796875
-1.796875
-1.796875
-1.796875
-1.796875
-1.796875
-1.796875
-1.796875
-1.796875
-1.796875
-1.796875
-1.796875
-1.796875
-1.796875
-1.796875
-1.796875
-1.796875
-1.796875
-1.796875
-1.796875
-1.796875
-1.796875
-1.796875
-1.796875
-1.796875
-1.796875
-1.796875
-1.796875
-1.796875
-1.796875
-1.796875
-1.796875
-1.796875
-1.796875
-1.796875
-1.796875
-1.796875
-1.796875
-1.796875
-1.796875
-1.796875
-1.796875
-1.796875
-1.796875
-1.796875
-1.796875
-1.796875
-1.796875
-1.796875
-1.796875
-1.796875
-1.796875
-1.796875
-1.796875
-1.796875
-1.796875
-1.796875
-1.796875
-1.796875
-1.796875
-1.796875
-1.796875
-1.796875
-1.796875
-1.796875
-1.796875
-1.796875
-1.796875
-1.796875
-1.796875
-1.796875
-1.796875
-1.796875
-1.796875
-1.796875
-1.796875
-1.796875
-1.796875
-1.796875
-1.796875
-1.796875
-1.796875
-1.796875
-1.796875
-1.796875
-1.796875
-1.796875
-1.796875
-1.796875
-1.796875
-1.796875
-1.796875
-1.796875
-1.796875
-1.796875
-1.796875
-1.796875
-1.796875
-1.796875
-1.796875
-1.796875
-1.796875
-1.796875
-1.796875
-1.796875
-1.796875
-1.796875
-1.796875
-1.796875
-1.796875
-1.796875
-1.796875
-1.796875
-1.796875
-1.796875
-1.796875
-1.796875
-1.796875
-1.796875
-1.796875
-1.796875
-1.796875
-1.796875
-1.796875
-1.796875
-1.796875
-1.796875
-1.796875
-1.796875
-1.796875
-1.796875
-1.796875
-1.796875
-1.796875
-1.796875
-1.796875
-1.796875
-1.796875
-1.796875
-1.796875
-1.796875
-1.796875
-1.796875
-1.796875
-1.796875
-1.796875
-1.796875
-1.796875
-1.796875
-1.796875
-1.796875
-1.796875
-1.796875
-1.796875
-1.796875
-1.796875
-1.796875
-1.796875
-1.796875
-1.796875
-1.796875
-1.796875
-1.796875
-1.796875
-1.796875
-1.796875
-1.796875
-1.796875
-1.796875
-1.796875
-1.796875
-1.796875
-1.796875
-1.796875
-1.796875
-1.796875
-1.796875
-1.796875
-1.796875
-1.796875
-1.796875
-1.796875
-1.796875
-1.796875
-1.796875
-1.796875
-1.796875
-1.796875
-1.796875
-1.796875
-1.796875
-1.796875
-1.796875
-1.796875
-1.796875
-1.796875
-1.796875
-1.796875
-1.796875
-1.796875
-1.796875
-1.796875
-1.796875
-1.796875
-1.796875
-1.796875
-1.796875
-1.796875
-1.796875
-1.796875
-1.796875
-1.796875
-1.796875
-1.796875
-1.796875
-1.796875
-1.796875
-1.796875
-1.796875
-1.796875
-1.796875
-1.796875
-1.796875
-1.796875
-1.796875
-1.796875
-1.796875
-1.796875
-1.796875
-1.796875
-1.796875
-1.796875
-1.796875
-1.796875
-1.796875
-1.796875
-1.796875
-1.796875
-1.796875
-1.796875
-1.796875
-1.796875
-1.796875
-1.796875
-1.796875
-1.796875
-1.796875
-1.796875
-1.796875
-1.796875
-1.796875
-1.796875
-1.796875
-1.796875
-1.796875
-1.796875
-1.796875
-1.796875
-1.796875
-1.796875
-1.796875
-1.796875
-1.796875
-1.796875
-1.796875
-1.796875
-1.796875
-1.796875
-1.796875
-1.796875
-1.796875
-1.796875
-1.796875
-1.796875
-1.796875
-1.796875
-1.796875
-1.796875
-1.796875
-1.796875
-1.796875
-1.796875
-1.796875
-1.796875
-1.796875
-1.796875
-1.796875
-1.796875
-1.796875
-1.796875
-1.796875
-1.796875
-1.796875
-1.796875
-1.796875
-1.796875
-1.796875
-1.796875
-1.796875
-1.796875
-1.796875
-1.796875
-1.796875
-1.796875
-1.796875
-1.796875
-1.796875
-1.796875
-1.796875
-1.796875
-1.796875
-1.796875
-1.796875
-1.796875
-1.796875
-1.796875
-1.796875
-1.796875
-1.796875
-1.796875
-1.796875
-1.796875
-1.796875
-1.796875
-1.796875
-1.796875
-1.796875
-1.796875
-1.796875
-1.796875
-1.796875
-1.796875
-1.796875
-1.796875
-1.796875
-1.796875
-1.796875
-1.796875
-1.796875
-1.796875
-1.796875
-1.796875
-1.796875
-1.796875
-1.796875
-1.796875
-1.796875
-1.796875
-1.796875
-1.796875
-1.796875
-1.796875
-1.796875
-1.796875
-1.796875
-1.796875
-1.796875
-1.796875
-1.796875
-1.796875
-1.796875
-1.796875
-1.796875
-1.79296875
-1.7890625
-1.78515625
-1.77734375
-1.765625
-1.75390625
-1.7421875
-1.7265625
-1.70703125
-1.6875
-1.6640625
-1.63671875
-1.6015625
-1.55859375
-1.50390625
-1.421875
-1.31640625
-1.17578125
-1.02734375
-0.8984375
-0.828125
-0.81640625
-0.84765625
-0.8984375
-0.953125
-1.0
-1.046875
-1.0859375
-1.125
-1.16015625
-1.19140625
-1.21875
-1.24609375
-1.26953125
-1.29296875
-1.3125
-1.33203125
-1.3515625
-1.3671875
-1.3828125
-1.3984375
-1.4140625
-1.42578125
-1.4375
-1.44921875
-1.4609375
-1.46875
-1.4765625
-1.48828125
-1.49609375
-1.50390625
-1.51171875
-1.515625
-1.5234375
-1.52734375
-1.53515625
-1.5390625
-1.546875
-1.55078125
-1.5546875
-1.5625
-1.56640625
-1.5703125
-1.57421875
-1.578125
-1.58203125
-1.5859375
-1.58984375
-1.59375
-1.59765625
-1.6015625
-1.60546875
-1.609375
-1.61328125
-1.6171875
-1.62109375
-1.625
-1.62890625
-1.6328125
-1.6328125
-1.63671875
-1.640625
-1.64453125
-1.64453125
-1.6484375
-1.65234375
-1.65625
-1.66015625
-1.6640625
-1.66796875
-1.671875
-1.67578125
-1.6796875
-1.68359375
-1.6875
-1.69140625
-1.6953125
-1.69921875
-1.69921875
-1.703125
-1.70703125
-1.7109375
-1.7109375
-1.71484375
-1.71875
-1.72265625
-1.72265625
-1.7265625
-1.73046875
-1.73046875
-1.734375
-1.73828125
-1.73828125
-1.7421875
-1.7421875
-1.74609375
-1.74609375
-1.75
-1.75
-1.75390625
-1.75390625
-1.75390625
-1.75390625
-1.7578125
-1.7578125
-1.7578125
-1.7578125
-1.76171875
-1.76171875
-1.76171875
-1.76171875
-1.765625
-1.765625
-1.765625
-1.765625
-1.76953125
-1.76953125
-1.765625
-1.75390625
-1.7421875
-1.71875
-1.69140625
-1.6484375
-1.5859375
-1.49609375
-1.375
-1.21484375
-1.046875
-0.921875
-0.87109375
-0.89453125
-0.96484375
-1.03125
-1.0859375
-1.1328125
-1.171875
-1.203125
-1.23046875
-1.25390625
-1.26953125
-1.28515625
-1.296875
-1.3046875
-1.30859375
-1.30859375
-1.30859375
-1.296875
-1.28515625
-1.2578125
-1.21875
-1.16015625
-1.0703125
-0.94921875
-0.80078125
-0.66015625
-0.578125
-0.5625
-0.6015625
-0.6640625
-0.7265625
-0.77734375
-0.8203125
-0.85546875
-0.87890625
-0.8984375
-0.90625
-0.8984375
-0.87890625
-0.828125
-0.74609375
-0.625
-0.48828125
-0.37890625
-0.3359375
-0.359375
-0.4296875
-0.5078125
-0.578125
-0.63671875
-0.6875
-0.7265625
-0.75390625
-0.765625
-0.765625
-0.7421875
-0.68359375
-0.578125
-0.43359375
-0.296875
-0.2265625
-0.24609375
-0.34375
-0.453125
-0.54296875
-0.6171875
-0.6796875
-0.73046875
-0.7734375
-0.80859375
-0.8359375
-0.859375
-0.87109375
-0.87109375
-0.85546875
-0.8203125
-0.75390625
-0.6484375
-0.51953125
-0.39453125
-0.32421875
-0.328125
-0.3828125
-0.4609375
-0.5390625
-0.609375
-0.6640625
-0.70703125
-0.73828125
-0.75390625
-0.75
-0.72265625
-0.65234375
-0.5234375
-0.359375
-0.21484375
-0.171875
-0.2421875
-0.375
-0.47265625
-0.54296875
-0.5859375
-0.6015625
-0.58203125
-0.50390625
-0.359375
-0.17578125
-0.046875
-0.06640625
-0.23046875
-0.3671875
-0.46484375
-0.53515625
-0.58984375
-0.62890625
-0.64453125
-0.640625
-0.60546875
-0.51953125
-0.38671875
-0.23828125
-0.13671875
-0.13671875
-0.234375
-0.36328125
-0.4609375
-0.54296875
-0.609375
-0.66015625
-0.703125
-0.734375
-0.75390625
-0.75390625
-0.73046875
-0.671875
-0.55859375
-0.3984375
-0.234375
-0.15234375
-0.18359375
-0.30078125
-0.40234375
-0.46875
-0.50390625
-0.50390625
-0.44921875
-0.328125
-0.15234375
-0.01171875
-0.0078125
-0.1640625
-0.3359375
-0.44140625
-0.5390625
-0.625
-0.703125
-0.77734375
-0.84375
-0.90625
-0.9609375
-1.015625
-1.06640625
-1.1171875
-1.16015625
-1.20703125
-1.24609375
-1.28515625
-1.32421875
-1.359375
-1.39453125
-1.42578125
-1.45703125
-1.48828125
-1.515625
-1.54296875
-1.5703125
-1.59375
-1.6171875
-1.640625
-1.66015625
-1.68359375
-1.703125
-1.72265625
-1.73828125
-1.7578125
-1.7734375
-1.7890625
-1.8046875
-1.8203125
-1.83203125
-1.84765625
-1.859375
-1.87109375
-1.8828125
-1.89453125
-1.90625
-1.9140625
-1.92578125
-1.93359375
-1.94140625
-1.94921875
-1.95703125
-1.96484375
-1.97265625
-1.98046875
-1.98828125
-1.9921875
-2.0
-2.0078125
-2.01171875
-2.015625
-2.01953125
-2.02734375
-2.03125
-2.03515625
-2.0390625
-2.04296875
-2.046875
-2.05078125
-2.0546875
-2.05859375
-2.0625
-2.06640625
-2.0703125
-2.0703125
-2.07421875
-2.07421875
-2.078125
-2.078125
-2.078125
-2.078125
-2.078125
-2.078125
-2.078125
-2.08203125
-2.08203125
-2.0859375
-2.0859375
-2.08984375
-2.08984375
-2.09375
-2.09375
-2.09765625
-2.09765625
-2.1015625
-2.1015625
-2.1015625
-2.1015625
-2.10546875
-2.10546875
-2.10546875
-2.10546875
-2.109375
-2.109375
-2.109375
-2.109375
-2.11328125
-2.11328125
-2.11328125
-2.11328125
-2.1171875
-2.1171875
-2.11328125
-2.09765625
-2.078125
-2.04296875
-1.99609375
-1.9296875
-1.82421875
-1.67578125
-1.4765625
-1.2734375
-1.1328125
-1.11328125
-1.203125
-1.2890625
-1.34765625
-1.39453125
-1.4296875
-1.4609375
-1.48828125
-1.515625
-1.5390625
-1.56640625
-1.58984375
-1.61328125
-1.63671875
-1.65625
-1.67578125
-1.69921875
-1.71484375
-1.734375
-1.75390625
-1.76953125
-1.78515625
-1.80078125
-1.81640625
-1.828125
-1.83984375
-1.85546875
-1.8671875
-1.87890625
-1.890625
-1.8984375
-1.90234375
-1.8984375
-1.890625
-1.87109375
-1.84765625
-1.81640625
-1.77734375
-1.73046875
-1.671875
-1.59375
-1.4921875
-1.3671875
-1.22265625
-1.0859375
-0.98828125
-0.94140625
-0.94140625
-0.96875
-1.0078125
-1.05078125
-1.09375
-1.13671875
-1.17578125
-1.21875
-1.2578125
-1.29296875
-1.33203125
-1.36328125
-1.3984375
-1.4296875
-1.4609375
-1.4921875
-1.51953125
-1.546875
-1.5703125
-1.58984375
-1.609375
-1.62109375
-1.62890625
-1.6328125
-1.63671875
-1.63671875
-1.6328125
-1.625
-1.61328125
-1.6015625
-1.5859375
-1.56640625
-1.546875
-1.5234375
-1.5
-1.4765625
-1.44921875
-1.4140625
-1.37109375
-1.31640625
-1.23828125
-1.13671875
-1.01171875
-0.88671875
-0.78125
-0.71875
-0.703125
-0.71875
-0.75
-0.79296875
-0.8359375
-0.87890625
-0.92578125
-0.96875
-1.015625
-1.05859375
-1.1015625
-1.14453125
-1.1875
-1.2265625
-1.265625
-1.30078125
-1.33984375
-1.37109375
-1.40625
-1.4375
-1.46875
-1.49609375
-1.52734375
-1.55078125
-1.578125
-1.6015625
-1.625
-1.6484375
-1.66796875
-1.69140625
-1.70703125
-1.7265625
-1.74609375
-1.76171875
-1.77734375
-1.79296875
-1.80859375
-1.82421875
-1.8359375
-1.84765625
-1.86328125
-1.875
-1.88671875
-1.89453125
-1.90625
-1.9140625
-1.92578125
-1.93359375
-1.9453125
-1.953125
-1.9609375
-1.96484375
-1.9609375
-1.94921875
-1.9296875
-1.8984375
-1.85546875
-1.79296875
-1.70703125
-1.58203125
-1.4140625
-1.22265625
-1.0625
-0.99609375
-1.01953125
-1.10546875
-1.1796875
-1.234375
-1.28125
-1.3203125
-1.35546875
-1.390625
-1.421875
-1.453125
-1.48046875
-1.51171875
-1.5390625
-1.5625
-1.58984375
-1.61328125
-1.63671875
-1.65625
-1.67578125
-1.69921875
-1.71484375
-1.734375
-1.75390625
-1.76953125
-1.78515625
-1.80078125
-1.81640625
-1.828125
-1.83984375
-1.85546875
-1.8671875
-1.87890625
-1.890625
-1.8984375
-1.91015625
-1.91796875
-1.9296875
-1.9375
-1.9453125
-1.953125
-1.9609375
-1.96484375
-1.96875
-1.96875
-1.96875
-1.96875
-1.97265625
-1.9765625
-1.98046875
-1.98828125
-1.9921875
-2.0
-2.00390625
-2.01171875
-2.015625
-2.01953125
-2.0234375
-2.03125
-2.03515625
-2.0390625
-2.04296875
-2.046875
-2.05078125
-2.0546875
-2.05859375
-2.0625
-2.06640625
-2.06640625
-2.0703125
-2.0703125
-2.07421875
-2.07421875
-2.078125
-2.078125
-2.08203125
-2.08203125
-2.0859375
-2.0859375
-2.08984375
-2.08984375
-2.09375
-2.09375
-2.09765625
-2.09765625
-2.1015625
-2.1015625
-2.1015625
-2.1015625
-2.10546875
-2.10546875
-2.10546875
-2.10546875
-2.109375
-2.109375
-2.109375
-2.109375
-2.11328125
-2.11328125
-2.11328125
-2.11328125
-2.1171875
-2.1171875
-2.1171875
-2.1171875
-2.12109375
-2.12109375
-2.12109375
-2.12109375
-2.125
-2.125
-2.125
-2.125
-2.125
-2.125
-2.125
-2.125
-2.125
-2.125
-2.125
-2.125
-2.125
-2.125
-2.125
-2.125
-2.125
-2.125
-2.125
-2.125
-2.125
-2.125
-2.125
-2.125
-2.125
-2.125
-2.125
-2.125
-2.125
-2.125
-2.125
-2.125
-2.125
-2.125
-2.125
-2.125
-2.125
-2.125
-2.125
-2.125
-2.125
-2.1171875
-2.109375
-2.09375
-2.078125
-2.05859375
-2.0390625
-2.0234375
-2.00390625
-1.9921875
-1.98046875
-1.9765625
-1.97265625
-1.97265625
-1.97265625
-1.9765625
-1.98046875
-1.984375
-1.98828125
-1.9921875
-2.0
-2.00390625
-2.01171875
-2.015625
-2.01953125
-2.0234375
-2.03125
-2.03515625
-2.0390625
-2.04296875
-2.046875
-2.05078125
-2.0546875
-2.05859375
-2.0625
-2.06640625
-2.06640625
-2.0703125
-2.0703125
-2.07421875
-2.07421875
-2.078125
-2.078125
-2.08203125
-2.08203125
-2.0859375
-2.0859375
-2.08984375
-2.08984375
-2.09375
-2.09375
-2.09765625
-2.09765625
-2.1015625
-2.1015625
-2.1015625
-2.1015625
-2.10546875
-2.10546875
-2.10546875
-2.10546875
-2.109375
-2.109375
-2.109375
-2.109375
-2.11328125
-2.11328125
-2.11328125
-2.11328125
-2.1171875
-2.1171875
-2.1171875
-2.1171875
-2.12109375
-2.1171875
-2.109375
-2.09765625
-2.078125
-2.0546875
-2.0234375
-1.9921875
-1.95703125
-1.9140625
-1.86328125
-1.796875
-1.7109375
-1.6015625
-1.45703125
-1.30078125
-1.15625
-1.06640625
-1.03515625
-1.0546875
-1.10546875
-1.16015625
-1.2109375
-1.25390625
-1.296875
-1.3359375
-1.375
-1.41015625
-1.44140625
-1.47265625
-1.50390625
-1.53125
-1.55859375
-1.58203125
-1.609375
-1.6328125
-1.65234375
-1.67578125
-1.6953125
-1.71484375
-1.73046875
-1.75
-1.765625
-1.7734375
-1.77734375
-1.78125
-1.78515625
-1.78515625
-1.78125
-1.77734375
-1.765625
-1.75390625
-1.7421875
-1.72265625
-1.6953125
-1.6640625
-1.62109375
-1.5625
-1.48046875
-1.3671875
-1.2265625
-1.078125
-0.95703125
-0.890625
-0.88671875
-0.9296875
-0.98828125
-1.05078125
-1.10546875
-1.15625
-1.203125
-1.24609375
-1.2890625
-1.328125
-1.36328125
-1.3984375
-1.43359375
-1.46484375
-1.4921875
-1.5234375
-1.55078125
-1.57421875
-1.6015625
-1.625
-1.64453125
-1.66796875
-1.6875
-1.70703125
-1.7265625
-1.74609375
-1.76171875
-1.77734375
-1.79296875
-1.80859375
-1.82421875
-1.8359375
-1.84765625
-1.86328125
-1.875
-1.88671875
-1.89453125
-1.90625
-1.9140625
-1.92578125
-1.93359375
-1.9453125
-1.953125
-1.9609375
-1.96875
-1.97265625
-1.98046875
-1.98828125
-1.99609375
-2.0
-2.0078125
-2.01171875
-2.015625
-2.01953125
-2.02734375
-2.03125
-2.03515625
-2.0390625
-2.04296875
-2.046875
-2.05078125
-2.0546875
-2.05859375
-2.0625
-2.06640625
-2.0703125
-2.0703125
-2.07421875
-2.07421875
-2.078125
-2.078125
-2.08203125
-2.08203125
-2.0859375
-2.0859375
-2.08984375
-2.08984375
-2.09375
-2.09375
-2.09765625
-2.09765625
-2.1015625
-2.1015625
-2.1015625
-2.1015625
-2.10546875
-2.10546875
-2.10546875
-2.10546875
-2.109375
-2.109375
-2.109375
-2.109375
-2.11328125
-2.11328125
-2.11328125
-2.11328125
-2.1171875
-2.1171875
-2.1171875
-2.1171875
-2.12109375
-2.12109375
-2.12109375
-2.12109375
-2.125
-2.125
-2.125
-2.125
-2.125
-2.125
-2.125
-2.125
-2.125
-2.125
-2.125
-2.125
-2.125
-2.125
-2.125
-2.125
-2.125
-2.125
-2.125
-2.125
-2.125
-2.125
-2.125
-2.125
-2.125
-2.125
-2.125
-2.125
-2.125
-2.125
-2.125
-2.125
-2.125
-2.125
-2.125
-2.125
-2.125
-2.125
-2.125
-2.12109375
-2.109375
-2.078125
-2.03125
-1.95703125
-1.84375
-1.66796875
-1.4375
-1.21875
-1.11328125
-1.1640625
-1.296875
-1.33984375
-1.37109375
-1.3828125
-1.375
-1.34765625
-1.2890625
-1.19140625
-1.04296875
-0.86328125
-0.71484375
-0.66015625
-0.7109375
-0.828125
-0.91796875
-0.98828125
-1.05078125
-1.10546875
-1.15625
-1.19921875
-1.23828125
-1.27734375
-1.31640625
-1.3515625
-1.38671875
-1.421875
-1.44921875
-1.4765625
-1.5
-1.5234375
-1.54296875
-1.55859375
-1.57421875
-1.58984375
-1.6015625
-1.61328125
-1.625
-1.6328125
-1.640625
-1.6484375
-1.66015625
-1.66796875
-1.68359375
-1.6953125
-1.7109375
-1.72265625
-1.73828125
-1.75
-1.76171875
-1.76953125
-1.78125
-1.79296875
-1.80859375
-1.8203125
-1.83203125
-1.84375
-1.85546875
-1.8671875
-1.87890625
-1.890625
-1.90234375
-1.91015625
-1.921875
-1.9296875
-1.9375
-1.9453125
-1.953125
-1.9609375
-1.96875
-1.9765625
-1.984375
-1.9921875
-1.99609375
-2.00390625
-2.0078125
-2.0078125
-2.0
-1.9921875
-1.98046875
-1.96484375
-1.9453125
-1.92578125
-1.90625
-1.88671875
-1.8671875
-1.8515625
-1.83984375
-1.83203125
-1.828125
-1.828125
-1.828125
-1.83203125
-1.83984375
-1.84765625
-1.85546875
-1.8671875
-1.875
-1.88671875
-1.89453125
-1.90625
-1.9140625
-1.921875
-1.93359375
-1.94140625
-1.94921875
-1.95703125
-1.96484375
-1.97265625
-1.9765625
-1.984375
-1.9921875
-2.0
-2.00390625
-2.0078125
-2.015625
-2.01953125
-2.0234375
-2.02734375
-2.03515625
-2.0390625
-2.04296875
-2.046875
-2.05078125
-2.0546875
-2.05859375
-2.0625
-2.06640625
-2.06640625
-2.0703125
-2.0703125
-2.07421875
-2.07421875
-2.078125
-2.078125
-2.08203125
-2.08203125
-2.0859375
-2.0859375
-2.08984375
-2.08984375
-2.09375
-2.09375
-2.09765625
-2.09765625
-2.1015625
-2.1015625
-2.1015625
-2.1015625
-2.10546875
-2.10546875
-2.10546875
-2.10546875
-2.109375
-2.109375
-2.109375
-2.109375
-2.11328125
-2.11328125
-2.11328125
-2.11328125
-2.1171875
-2.1171875
-2.1171875
-2.1171875
-2.12109375
-2.12109375
-2.12109375
-2.12109375
-2.125
-2.125
-2.125
-2.125
-2.125
-2.125
-2.125
-2.125
-2.125
-2.125
-2.125
-2.125
-2.125
-2.125
-2.125
-2.125
-2.125
-2.125
-2.125
-2.125
-2.125
-2.125
-2.125
-2.125
-2.125
-2.125
-2.125
-2.125
-2.125
-2.125
-2.125
-2.125
-2.125
-2.125
-2.125
-2.125
-2.125
-2.125
-2.125
-2.125
-2.125
-2.125
-2.125
-2.125
-2.125
-2.125
-2.125
-2.125
-2.125
-2.125
-2.125
-2.125
-2.125
-2.125
-2.125
-2.125
-2.125
-2.125
-2.125
-2.125
-2.125
-2.125
-2.125
-2.125
-2.125
-2.125
-2.125
-2.125
-2.125
-2.125
-2.125
-2.125
-2.125
-2.125
-2.125
-2.125
-2.125
-2.125
-2.125
-2.125
-2.125
-2.125
-2.125
-2.125
-2.125
-2.125
-2.125
-2.125
-2.125
-2.125
-2.125
-2.125
-2.125
-2.125
-2.125
-2.125
-2.125
-2.125
-2.125
-2.125
-2.125
-2.125
-2.125
-2.125
-2.125
-2.125
-2.125
-2.125
-2.125
-2.125
-2.125
-2.125
-2.125
-2.125
-2.125
-2.125
-2.125
-2.125
-2.125
-2.125
-2.125
-2.125
-2.125
-2.125
-2.125
-2.125
-2.125
-2.125
-2.125
-2.125
-2.125
-2.125
-2.125
-2.125
-2.125
-2.125
-2.125
-2.125
-2.125
-2.125
-2.125
-2.125
-2.125
-2.125
-2.125
-2.125
-2.125
-2.125
-2.125
-2.125
-2.125
-2.125
-2.125
-2.125
-2.125
-2.125
-2.125
-2.125
-2.125
-2.125
-2.125
-2.125
-2.125
-2.125
-2.125
-2.125
-2.125
-2.125
-2.125
-2.125
-2.125
-2.125
-2.125
-2.125
-2.125
-2.125
-2.125
-2.125
-2.125
-2.125
-2.125
-2.125
-2.125
-2.125
-2.125
-2.125
-2.125
-2.125
-2.125
-2.125
-2.125
-2.125
-2.125
-2.125
-2.125
-2.125
-2.125
-2.125
-2.125
-2.125
-2.125
-2.125
-2.125
-2.125
-2.125
-2.125
-2.125
-2.125
-2.125
-2.125
-2.125
-2.125
-2.125
-2.125
-2.125
-2.125
-2.125
-2.125
-2.125
-2.125
-2.125
-2.125
-2.125
-2.125
-2.125
-2.125
-2.125
-2.125
-2.125
-2.125
-2.125
-2.125
-2.125
-2.125
-2.125
-2.125
-2.125
-2.125
-2.125
-2.125
-2.125
-2.125
-2.125
-2.125
-2.125
-2.125
-2.125
-2.125
-2.125
-2.125
-2.125
-2.125
-2.125
-2.125
-2.125
-2.125
-2.125
-2.125
-2.125
-2.125
-2.125
-2.125
-2.125
-2.125
-2.125
-2.125
-2.125
-2.125
-2.125
-2.125
-2.125
-2.125
-2.125
-2.125
-2.125
-2.125
-2.125
-2.125
-2.125
-2.125
-2.125
-2.125
-2.125
-2.125
-2.125
-2.125
-2.125
-2.125
-2.125
-2.125
-2.125
-2.12109375
-2.12109375
-2.1171875
-2.109375
-2.10546875
-2.1015625
-2.09375
-2.0859375
-2.08203125
-2.07421875
-2.06640625
-2.05859375
-2.05078125
-2.04296875
-2.03515625
-2.03125
-2.0234375
-2.015625
-2.0078125
-2.00390625
-1.99609375
-1.98828125
-1.984375
-1.9765625
-1.97265625
-1.96484375
-1.9609375
-1.95703125
-1.94921875
-1.9453125
-1.94140625
-1.9375
-1.93359375
-1.9296875
-1.92578125
-1.921875
-1.91796875
-1.9140625
-1.91015625
-1.90625
-1.90234375
-1.8984375
-1.89453125
-1.89453125
-1.890625
-1.88671875
-1.8828125
-1.8828125
-1.87890625
-1.875
-1.875
-1.87109375
-1.87109375
-1.8671875
-1.8671875
-1.86328125
-1.86328125
-1.859375
-1.859375
-1.859375
-1.85546875
-1.85546875
-1.85546875
-1.85546875
-1.8515625
-1.8515625
-1.8515625
-1.8515625
-1.84765625
-1.84765625
-1.84765625
-1.84765625
-1.84375
-1.84375
-1.84375
-1.84375
-1.83984375
-1.8359375
-1.83203125
-1.82421875
-1.81640625
-1.8046875
-1.79296875
-1.77734375
-1.76171875
-1.7421875
-1.72265625
-1.703125
-1.67578125
-1.64453125
-1.60546875
-1.55859375
-1.49609375
-1.40625
-1.28515625
-1.140625
-0.9921875
-0.87890625
-0.828125
-0.8359375
-0.875
-0.9296875
-0.98046875
-1.02734375
-1.0703125
-1.109375
-1.1484375
-1.1796875
-1.2109375
-1.23828125
-1.26171875
-1.28515625
-1.30859375
-1.328125
-1.34765625
-1.3671875
-1.3828125
-1.3984375
