0.5
0.5001
0.5002
0.5003000000000001
0.5004000000000001
0.5005000000000001
0.5006
0.5007
0.5008
0.5009
0.501
0.5011
0.5012
0.5013000000000001
0.5014000000000001
0.5015000000000001
0.5016
0.5017
0.5018
0.5019
0.502
0.5021
0.5022
0.5023
0.5024000000000001
0.5025000000000001
0.5026
0.5027
0.5028
0.5029
0.503
0.5031
0.5032
0.5033
0.5034000000000001
0.5035000000000001
0.5036
0.5037
0.5038
0.5039
0.504
0.5041
0.5042
0.5043
0.5044000000000001
0.5045000000000001
0.5046
0.5047
0.5048
0.5049
0.505
0.5051
0.5052
0.5053
0.5054000000000001
0.5055000000000001
0.5056
0.5057
0.5058
0.5059
0.506
0.5061
0.5062
0.5063
0.5064000000000001
0.5065000000000001
0.5066
0.5067
0.5068
0.5069
0.507
0.5071
0.5072
0.5073
0.5074000000000001
0.5075000000000001
0.5076
0.5077
0.5078
0.5079
0.508
0.5081
0.5082
0.5083
0.5084000000000001
0.5085000000000001
0.5086
0.5087
0.5088
0.5089
0.509
0.5091
0.5092
0.5093
0.5094000000000001
0.5095000000000001
0.5096
0.5097
0.5098
0.5099
0.51
0.5101
0.5102
0.5103
0.5104000000000001
0.5105000000000001
0.5106
0.5107
0.5108
0.5109
0.511
0.5111
0.5112
0.5113
0.5114000000000001
0.5115000000000001
0.5116
0.5117
0.5118
0.5119
0.512
0.5121
0.5122
0.5123
0.5124000000000001
0.5125000000000001
0.5126000000000001
0.5127
0.5128
0.5129
0.513
0.5131
0.5132
0.5133
0.5134000000000001
0.5135000000000001
0.5136000000000001
0.5137
0.5138
0.5139
0.514
0.5141
0.5142
0.5143
0.5144000000000001
0.5145000000000001
0.5146000000000001
0.5147
0.5148
0.5149
0.515
0.5151
0.5152
0.5153
0.5154
0.5155000000000001
0.5156000000000001
0.5157
0.5158
0.5159
0.516
0.5161
0.5162
0.5163
0.5164
0.5165000000000001
0.5166000000000001
0.5167
0.5168
0.5169
0.517
0.5171
0.5172
0.5173
0.5174
0.5175000000000001
0.5176000000000001
0.5177
0.5178
0.5179
0.518
0.5181
0.5182
0.5183
0.5184
0.5185000000000001
0.5186000000000001
0.5187
0.5188
0.5189
0.519
0.5191
0.5192
0.5193
0.5194
0.5195000000000001
0.5196000000000001
0.5197
0.5198
0.5199
0.52
0.5201
0.5202
0.5203
0.5204
0.5205000000000001
0.5206000000000001
0.5207
0.5208
0.5209
0.521
0.5211
0.5212
0.5213
0.5214
0.5215000000000001
0.5216000000000001
0.5217
0.5218
0.5219
0.522
0.5221
0.5222
0.5223
0.5224
0.5225000000000001
0.5226000000000001
0.5227
0.5228
0.5229
0.523
0.5231
0.5232
0.5233
0.5234
0.5235000000000001
0.5236000000000001
0.5237
0.5238
0.5239
0.524
0.5241
0.5242
0.5243
0.5244
0.5245000000000001
0.5246000000000001
0.5247
0.5248
0.5249
0.525
0.5251
0.5252
0.5253
0.5254
0.5255000000000001
0.5256000000000001
0.5257000000000001
0.5258
0.5259
0.526
0.5261
0.5262
0.5263
0.5264
0.5265000000000001
0.5266000000000001
0.5267000000000001
0.5268
0.5269
0.527
0.5271
0.5272
0.5273
0.5274
0.5275000000000001
0.5276000000000001
0.5277000000000001
0.5278
0.5279
0.528
0.5281
0.5282
0.5283
0.5284
0.5285000000000001
0.5286000000000001
0.5287000000000001
0.5288
0.5289
0.529
0.5291
0.5292
0.5293
0.5294
0.5295
0.5296000000000001
0.5297000000000001
0.5298
0.5299
0.53
0.5301
0.5302
0.5303
0.5304
0.5305
0.5306000000000001
0.5307000000000001
0.5308
0.5309
0.531
0.5311
0.5312
0.5313
0.5314
0.5315
0.5316000000000001
0.5317000000000001
0.5318
0.5319
0.532
0.5321
0.5322
0.5323
0.5324
0.5325
0.5326000000000001
0.5327000000000001
0.5328
0.5329
0.533
0.5331
0.5332
0.5333
0.5334
0.5335
0.5336000000000001
0.5337000000000001
0.5338
0.5339
0.534
0.5341
0.5342
0.5343
0.5344
0.5345
0.5346000000000001
0.5347000000000001
0.5348
0.5349
0.535
0.5351
0.5352
0.5353
0.5354
0.5355
0.5356000000000001
0.5357000000000001
0.5358
0.5359
0.536
0.5361
0.5362
0.5363
0.5364
0.5365
0.5366000000000001
0.5367000000000001
0.5368
0.5369
0.537
0.5371
0.5372
0.5373
0.5374
0.5375
0.5376000000000001
0.5377000000000001
0.5378000000000001
0.5379
0.538
0.5381
0.5382
0.5383
0.5384
0.5385
0.5386000000000001
0.5387000000000001
0.5388000000000001
0.5389
0.539
0.5391
0.5392
0.5393
0.5394
0.5395
0.5396000000000001
0.5397000000000001
0.5398000000000001
0.5399
0.54
0.5401
0.5402
0.5403
0.5404
0.5405
0.5406000000000001
0.5407000000000001
0.5408000000000001
0.5409
0.541
0.5411
0.5412
0.5413
0.5414
0.5415
0.5416000000000001
0.5417000000000001
0.5418000000000001
0.5419
0.542
0.5421
0.5422
0.5423
0.5424
0.5425
0.5426
0.5427000000000001
0.5428000000000001
0.5429
0.543
0.5431
0.5432
0.5433
0.5434
0.5435
0.5436
0.5437000000000001
0.5438000000000001
0.5439
0.544
0.5441
0.5442
0.5443
0.5444
0.5445
0.5446
0.5447000000000001
0.5448000000000001
0.5449
0.545
0.5451
0.5452
0.5453
0.5454
0.5455
0.5456
0.5457000000000001
0.5458000000000001
0.5459
0.546
0.5461
0.5462
0.5463
0.5464
0.5465
0.5466
0.5467000000000001
0.5468000000000001
0.5469
0.547
0.5471
0.5472
0.5473
0.5474
0.5475
0.5476
0.5477000000000001
0.5478000000000001
0.5479
0.548
0.5481
0.5482
0.5483
0.5484
0.5485
0.5486
0.5487000000000001
0.5488000000000001
0.5489
0.549
0.5491
0.5492
0.5493
0.5494
0.5495
0.5496
0.5497000000000001
0.5498000000000001
0.5499
0.55
0.5501
0.5502
0.5503
0.5504
0.5505
0.5506
0.5507000000000001
0.5508000000000001
0.5509000000000001
0.551
0.5511
0.5512
0.5513
0.5514
0.5515
0.5516
0.5517000000000001
0.5518000000000001
0.5519000000000001
0.552
0.5521
0.5522
0.5523
0.5524
0.5525
0.5526
0.5527000000000001
0.5528000000000001
0.5529000000000001
0.553
0.5531
0.5532
0.5533
0.5534
0.5535
0.5536
0.5537000000000001
0.5538000000000001
0.5539000000000001
0.554
0.5541
0.5542
0.5543
0.5544
0.5545
0.5546
0.5547000000000001
0.5548000000000001
0.5549000000000001
0.555
0.5551
0.5552
0.5553
0.5554
0.5555
0.5556
0.5557
0.5558000000000001
0.5559000000000001
0.556
0.5561
0.5562
0.5563
0.5564
0.5565
0.5566
0.5567
0.5568000000000001
0.5569000000000001
0.557
0.5571
0.5572
0.5573
0.5574
0.5575
0.5576
0.5577
0.5578000000000001
0.5579000000000001
0.558
0.5581
0.5582
0.5583
0.5584
0.5585
0.5586
0.5587
0.5588000000000001
0.5589000000000001
0.559
0.5591
0.5592
0.5593
0.5594
0.5595
0.5596
0.5597
0.5598000000000001
0.5599000000000001
0.56
0.5601
0.5602
0.5603
0.5604
0.5605
0.5606
0.5607
0.5608000000000001
0.5609000000000001
0.561
0.5611
0.5612
0.5613
0.5614
0.5615
0.5616
0.5617
0.5618000000000001
0.5619000000000001
0.562
0.5621
0.5622
0.5623
0.5624
0.5625
0.5626
0.5627
0.5628000000000001
0.5629000000000001
0.5630000000000001
0.5631
0.5632
0.5633
0.5634
0.5635
0.5636
0.5637
0.5638000000000001
0.5639000000000001
0.5640000000000001
0.5641
0.5642
0.5643
0.5644
0.5645
0.5646
0.5647
0.5648000000000001
0.5649000000000001
0.5650000000000001
0.5651
0.5652
0.5653
0.5654
0.5655
0.5656
0.5657
0.5658000000000001
0.5659000000000001
0.5660000000000001
0.5661
0.5662
0.5663
0.5664
0.5665
0.5666
0.5667
0.5668000000000001
0.5669000000000001
0.5670000000000001
0.5671
0.5672
0.5673
0.5674
0.5675
0.5676
0.5677
0.5678000000000001
0.5679000000000001
0.5680000000000001
0.5681
0.5682
0.5683
0.5684
0.5685
0.5686
0.5687
0.5688
0.5689000000000001
0.5690000000000001
0.5691
0.5692
0.5693
0.5694
0.5695
0.5696
0.5697
0.5698
0.5699000000000001
0.5700000000000001
0.5701
0.5702
0.5703
0.5704
0.5705
0.5706
0.5707
0.5708
0.5709000000000001
0.5710000000000001
0.5711
0.5712
0.5713
0.5714
0.5715
0.5716
0.5717
0.5718
0.5719000000000001
0.5720000000000001
0.5721
0.5722
0.5723
0.5724
0.5725
0.5726
0.5727
0.5728
0.5729000000000001
0.5730000000000001
0.5731
0.5732
0.5733
0.5734
0.5735
0.5736
0.5737
0.5738
0.5739000000000001
0.5740000000000001
0.5741
0.5742
0.5743
0.5744
0.5745
0.5746
0.5747
0.5748
0.5749000000000001
0.5750000000000001
0.5751000000000001
0.5752
0.5753
0.5754
0.5755
0.5756
0.5757
0.5758
0.5759000000000001
0.5760000000000001
0.5761000000000001
0.5762
0.5763
0.5764
0.5765
0.5766
0.5767
0.5768
0.5769000000000001
0.5770000000000001
0.5771000000000001
0.5772
0.5773
0.5774
0.5775
0.5776
0.5777
0.5778
0.5779000000000001
0.5780000000000001
0.5781000000000001
0.5782
0.5783
0.5784
0.5785
0.5786
0.5787
0.5788
0.5789000000000001
0.5790000000000001
0.5791000000000001
0.5792
0.5793
0.5794
0.5795
0.5796
0.5797
0.5798
0.5799000000000001
0.5800000000000001
0.5801000000000001
0.5802
0.5803
0.5804
0.5805
0.5806
0.5807
0.5808
0.5809000000000001
0.5810000000000001
0.5811000000000001
0.5812
0.5813
0.5814
0.5815
0.5816
0.5817
0.5818
0.5819
0.5820000000000001
0.5821000000000001
0.5822
0.5823
0.5824
0.5825
0.5826
0.5827
0.5828
0.5829
0.5830000000000001
0.5831000000000001
0.5832
0.5833
0.5834
0.5835
0.5836
0.5837
0.5838
0.5839
0.5840000000000001
0.5841000000000001
0.5842
0.5843
0.5844
0.5845
0.5846
0.5847
0.5848
0.5849
0.5850000000000001
0.5851000000000001
0.5852
0.5853
0.5854
0.5855
0.5856
0.5857
0.5858
0.5859
0.5860000000000001
0.5861000000000001
0.5862
0.5863
0.5864
0.5865
0.5866
0.5867
0.5868
0.5869
0.5870000000000001
0.5871000000000001
0.5872
0.5873
0.5874
0.5875
0.5876
0.5877
0.5878
0.5879
0.5880000000000001
0.5881000000000001
0.5882000000000001
0.5883
0.5884
0.5885
0.5886
0.5887
0.5888
0.5889
0.5890000000000001
0.5891000000000001
0.5892000000000001
0.5893
0.5894
0.5895
0.5896
0.5897
0.5898
0.5899
0.5900000000000001
0.5901000000000001
0.5902000000000001
0.5903
0.5904
0.5905
0.5906
0.5907
0.5908
0.5909
0.5910000000000001
0.5911000000000001
0.5912000000000001
0.5913
0.5914
0.5915
0.5916
0.5917
0.5918
0.5919
0.5920000000000001
0.5921000000000001
0.5922000000000001
0.5923
0.5924
0.5925
0.5926
0.5927
0.5928
0.5929
0.5930000000000001
0.5931000000000001
0.5932000000000001
0.5933
0.5934
0.5935
0.5936
0.5937
0.5938
0.5939
0.5940000000000001
0.5941000000000001
0.5942000000000001
0.5943
0.5944
0.5945
0.5946
0.5947
0.5948
0.5949
0.595
0.5951000000000001
0.5952000000000001
0.5953
0.5954
0.5955
0.5956
0.5957
0.5958
0.5959
0.596
0.5961000000000001
0.5962000000000001
0.5963
0.5964
0.5965
0.5966
0.5967
0.5968
0.5969
0.597
0.5971000000000001
0.5972000000000001
0.5973
0.5974
0.5975
0.5976
0.5977
0.5978
0.5979
0.598
0.5981000000000001
0.5982000000000001
0.5983
0.5984
0.5985
0.5986
0.5987
0.5988
0.5989
0.599
0.5991000000000001
0.5992000000000001
0.5993
0.5994
0.5995
0.5996
0.5997
0.5998
0.5999
0.6
0.6001000000000001
0.6002000000000001
0.6003000000000001
0.6004
0.6005
0.6006
0.6007
0.6008
0.6009
0.601
0.6011000000000001
0.6012000000000001
0.6013000000000001
0.6014
0.6015
0.6016
0.6017
0.6018
0.6019
0.602
0.6021000000000001
0.6022000000000001
0.6023000000000001
0.6024
0.6025
0.6026
0.6027
0.6028
0.6029
0.603
0.6031000000000001
0.6032000000000001
0.6033000000000001
0.6034
0.6035
0.6036
0.6037
0.6038
0.6039
0.604
0.6041000000000001
0.6042000000000001
0.6043000000000001
0.6044
0.6045
0.6046
0.6047
0.6048
0.6049
0.605
0.6051000000000001
0.6052000000000001
0.6053000000000001
0.6054
0.6055
0.6056
0.6057
0.6058
0.6059
0.606
0.6061000000000001
0.6062000000000001
0.6063000000000001
0.6064
0.6065
0.6066
0.6067
0.6068
0.6069
0.607
0.6071000000000001
0.6072000000000001
0.6073000000000001
0.6074
0.6075
0.6076
0.6077
0.6078
0.6079
0.608
0.6081
0.6082000000000001
0.6083000000000001
0.6084
0.6085
0.6086
0.6087
0.6088
0.6089
0.609
0.6091
0.6092000000000001
0.6093000000000001
0.6094
0.6095
0.6096
0.6097
0.6098
0.6099
0.61
0.6101
0.6102000000000001
0.6103000000000001
0.6104
0.6105
0.6106
0.6107
0.6108
0.6109
0.611
0.6111
0.6112000000000001
0.6113000000000001
0.6114
0.6115
0.6116
0.6117
0.6118
0.6119
0.612
0.6121
0.6122000000000001
0.6123000000000001
0.6124
0.6125
0.6126
0.6127
0.6128
0.6129
0.613
0.6131
0.6132000000000001
0.6133000000000001
0.6134000000000001
0.6135
0.6136
0.6137
0.6138
0.6139
0.614
0.6141
0.6142000000000001
0.6143000000000001
0.6144000000000001
0.6145
0.6146
0.6147
0.6148
0.6149
0.615
0.6151
0.6152000000000001
0.6153000000000001
0.6154000000000001
0.6155
0.6156
0.6157
0.6158
0.6159
0.616
0.6161
0.6162000000000001
0.6163000000000001
0.6164000000000001
0.6165
0.6166
0.6167
0.6168
0.6169
0.617
0.6171
0.6172000000000001
0.6173000000000001
0.6174000000000001
0.6175
0.6176
0.6177
0.6178
0.6179
0.618
0.6181
0.6182000000000001
0.6183000000000001
0.6184000000000001
0.6185
0.6186
0.6187
0.6188
0.6189
0.619
0.6191
0.6192000000000001
0.6193000000000001
0.6194000000000001
0.6195
0.6196
0.6197
0.6198
0.6199
0.62
0.6201
0.6202000000000001
0.6203000000000001
0.6204000000000001
0.6205
0.6206
0.6207
0.6208
0.6209
0.621
0.6211
0.6212
0.6213000000000001
0.6214000000000001
0.6215
0.6216
0.6217
0.6218
0.6219
0.622
0.6221
0.6222
0.6223000000000001
0.6224000000000001
0.6225
0.6226
0.6227
0.6228
0.6229
0.623
0.6231
0.6232
0.6233000000000001
0.6234000000000001
0.6235
0.6236
0.6237
0.6238
0.6239
0.624
0.6241
0.6242
0.6243000000000001
0.6244000000000001
0.6245
0.6246
0.6247
0.6248
0.6249
0.625
0.6251
0.6252
0.6253000000000001
0.6254000000000001
0.6255000000000001
0.6256
0.6257
0.6258
0.6259
0.626
0.6261
0.6262
0.6263000000000001
0.6264000000000001
0.6265000000000001
0.6266
0.6267
0.6268
0.6269
0.627
0.6271
0.6272
0.6273000000000001
0.6274000000000001
0.6275000000000001
0.6276
0.6277
0.6278
0.6279
0.628
0.6281
0.6282
0.6283000000000001
0.6284000000000001
0.6285000000000001
0.6286
0.6287
0.6288
0.6289
0.629
0.6291
0.6292
0.6293000000000001
0.6294000000000001
0.6295000000000001
0.6296
0.6297
0.6298
0.6299
0.63
0.6301
0.6302
0.6303000000000001
0.6304000000000001
0.6305000000000001
0.6306
0.6307
0.6308
0.6309
0.631
0.6311
0.6312
0.6313000000000001
0.6314000000000001
0.6315000000000001
0.6316
0.6317
0.6318
0.6319
0.632
0.6321
0.6322
0.6323000000000001
0.6324000000000001
0.6325000000000001
0.6326
0.6327
0.6328
0.6329
0.633
0.6331
0.6332
0.6333000000000001
0.6334000000000001
0.6335000000000001
0.6336
0.6337
0.6338
0.6339
0.634
0.6341
0.6342
0.6343
0.6344000000000001
0.6345000000000001
0.6346
0.6347
0.6348
0.6349
0.635
0.6351
0.6352
0.6353
0.6354000000000001
0.6355000000000001
0.6356
0.6357
0.6358
0.6359
0.636
0.6361
0.6362
0.6363
0.6364000000000001
0.6365000000000001
0.6366
0.6367
0.6368
0.6369
0.637
0.6371
0.6372
0.6373
0.6374000000000001
0.6375000000000001
0.6376000000000001
0.6377
0.6378
0.6379
0.638
0.6381
0.6382
0.6383
0.6384000000000001
0.6385000000000001
0.6386000000000001
0.6387
0.6388
0.6389
0.639
0.6391
0.6392
0.6393
0.6394000000000001
0.6395000000000001
0.6396000000000001
0.6397
0.6398
0.6399
0.64
0.6401
0.6402
0.6403
0.6404000000000001
0.6405000000000001
0.6406000000000001
0.6407
0.6408
0.6409
0.641
0.6411
0.6412
0.6413
0.6414000000000001
0.6415000000000001
0.6416000000000001
0.6417
0.6418
0.6419
0.642
0.6421
0.6422
0.6423
0.6424000000000001
0.6425000000000001
0.6426000000000001
0.6427
0.6428
0.6429
0.643
0.6431
0.6432
0.6433
0.6434000000000001
0.6435000000000001
0.6436000000000001
0.6437
0.6438
0.6439
0.644
0.6441
0.6442
0.6443
0.6444000000000001
0.6445000000000001
0.6446000000000001
0.6447
0.6448
0.6449
0.645
0.6451
0.6452
0.6453
0.6454000000000001
0.6455000000000001
0.6456000000000001
0.6457
0.6458
0.6459
0.646
0.6461
0.6462
0.6463
0.6464000000000001
0.6465000000000001
0.6466000000000001
0.6467
0.6468
0.6469
0.647
0.6471
0.6472
0.6473
0.6474000000000001
0.6475000000000001
0.6476000000000001
0.6477
0.6478
0.6479
0.648
0.6481
0.6482
0.6483
0.6484
0.6485000000000001
0.6486000000000001
0.6487
0.6488
0.6489
0.649
0.6491
0.6492
0.6493
0.6494
0.6495000000000001
0.6496000000000001
0.6497
0.6498
0.6499
0.65
0.6501
0.6502
0.6503
0.6504
0.6505000000000001
0.6506000000000001
0.6507000000000001
0.6508
0.6509
0.651
0.6511
0.6512
0.6513
0.6514
0.6515000000000001
0.6516000000000001
0.6517000000000001
0.6518
0.6519
0.652
0.6521
0.6522
0.6523
0.6524
0.6525000000000001
0.6526000000000001
0.6527000000000001
0.6528
0.6529
0.653
0.6531
0.6532
0.6533
0.6534
0.6535000000000001
0.6536000000000001
0.6537000000000001
0.6538
0.6539
0.654
0.6541
0.6542
0.6543
0.6544
0.6545000000000001
0.6546000000000001
0.6547000000000001
0.6548
0.6549
0.655
0.6551
0.6552
0.6553
0.6554
0.6555000000000001
0.6556000000000001
0.6557000000000001
0.6558
0.6559
0.656
0.6561
0.6562
0.6563
0.6564
0.6565000000000001
0.6566000000000001
0.6567000000000001
0.6568
0.6569
0.657
0.6571
0.6572
0.6573
0.6574
0.6575000000000001
0.6576000000000001
0.6577000000000001
0.6578
0.6579
0.658
0.6581
0.6582
0.6583
0.6584
0.6585000000000001
0.6586000000000001
0.6587000000000001
0.6588
0.6589
0.659
0.6591
0.6592
0.6593
0.6594
0.6595000000000001
0.6596000000000001
0.6597000000000001
0.6598
0.6599
0.66
0.6601
0.6602
0.6603
0.6604
0.6605000000000001
0.6606000000000001
0.6607000000000001
0.6608
0.6609
0.661
0.6611
0.6612
0.6613
0.6614
0.6615
0.6616000000000001
0.6617000000000001
0.6618
0.6619
0.662
0.6621
0.6622
0.6623
0.6624
0.6625
0.6626000000000001
0.6627000000000001
0.6628000000000001
0.6629
0.663
0.6631
0.6632
0.6633
0.6634
0.6635
0.6636000000000001
0.6637000000000001
0.6638000000000001
0.6639
0.664
0.6641
0.6642
0.6643
0.6644
0.6645
0.6646000000000001
0.6647000000000001
0.6648000000000001
0.6649
0.665
0.6651
0.6652
0.6653
0.6654
0.6655
0.6656000000000001
0.6657000000000001
0.6658000000000001
0.6659
0.666
0.6661
0.6662
0.6663
0.6664
0.6665
0.6666000000000001
0.6667000000000001
0.6668000000000001
0.6669
0.667
0.6671
0.6672
0.6673
0.6674
0.6675
0.6676000000000001
0.6677000000000001
0.6678000000000001
0.6679
0.668
0.6681
0.6682
0.6683
0.6684
0.6685
0.6686000000000001
0.6687000000000001
0.6688000000000001
0.6689
0.669
0.6691
0.6692
0.6693
0.6694
0.6695
0.6696000000000001
0.6697000000000001
0.6698000000000001
0.6699
0.67
0.6701
0.6702
0.6703
0.6704
0.6705
0.6706000000000001
0.6707000000000001
0.6708000000000001
0.6709
0.671
0.6711
0.6712
0.6713
0.6714
0.6715
0.6716000000000001
0.6717000000000001
0.6718000000000001
0.6719
0.672
0.6721
0.6722
0.6723
0.6724
0.6725
0.6726000000000001
0.6727000000000001
0.6728000000000001
0.6729
0.673
0.6731
0.6732
0.6733
0.6734
0.6735
0.6736000000000001
0.6737000000000001
0.6738000000000001
0.6739
0.674
0.6741
0.6742
0.6743
0.6744
0.6745
0.6746
0.6747000000000001
0.6748000000000001
0.6749
0.675
0.6751
0.6752
0.6753
0.6754
0.6755
0.6756
0.6757000000000001
0.6758000000000001
0.6759000000000001
0.676
0.6761
0.6762
0.6763
0.6764
0.6765
0.6766
0.6767000000000001
0.6768000000000001
0.6769000000000001
0.677
0.6771
0.6772
0.6773
0.6774
0.6775
0.6776
0.6777000000000001
0.6778000000000001
0.6779000000000001
0.678
0.6781
0.6782
0.6783
0.6784
0.6785
0.6786
0.6787000000000001
0.6788000000000001
0.6789000000000001
0.679
0.6791
0.6792
0.6793
0.6794
0.6795
0.6796
0.6797000000000001
0.6798000000000001
0.6799000000000001
0.68
0.6801
0.6802
0.6803
0.6804
0.6805
0.6806
0.6807000000000001
0.6808000000000001
0.6809000000000001
0.681
0.6811
0.6812
0.6813
0.6814
0.6815
0.6816
0.6817000000000001
0.6818000000000001
0.6819000000000001
0.682
0.6821
0.6822
0.6823
0.6824
0.6825
0.6826
0.6827000000000001
0.6828000000000001
0.6829000000000001
0.683
0.6831
0.6832
0.6833
0.6834
0.6835
0.6836
0.6837000000000001
0.6838000000000001
0.6839000000000001
0.684
0.6841
0.6842
0.6843
0.6844
0.6845
0.6846
0.6847000000000001
0.6848000000000001
0.6849000000000001
0.685
0.6851
0.6852
0.6853
0.6854
0.6855
0.6856
0.6857000000000001
0.6858000000000001
0.6859000000000001
0.686
0.6861
0.6862
0.6863
0.6864
0.6865
0.6866
0.6867000000000001
0.6868000000000001
0.6869000000000001
0.687
0.6871
0.6872
0.6873
0.6874
0.6875
0.6876
0.6877
0.6878000000000001
0.6879000000000001
0.6880000000000001
0.6881
0.6882
0.6883
0.6884
0.6885
0.6886
0.6887
0.6888000000000001
0.6889000000000001
0.6890000000000001
0.6891
0.6892
0.6893
0.6894
0.6895
0.6896
0.6897
0.6898000000000001
0.6899000000000001
0.6900000000000001
0.6901
0.6902
0.6903
0.6904
0.6905
0.6906
0.6907
0.6908000000000001
0.6909000000000001
0.6910000000000001
0.6911
0.6912
0.6913
0.6914
0.6915
0.6916
0.6917
0.6918000000000001
0.6919000000000001
0.6920000000000001
0.6921
0.6922
0.6923
0.6924
0.6925
0.6926
0.6927
0.6928000000000001
0.6929000000000001
0.6930000000000001
0.6931
0.6932
0.6933
0.6934
0.6935
0.6936
0.6937
0.6938000000000001
0.6939000000000001
0.6940000000000001
0.6941
0.6942
0.6943
0.6944
0.6945
0.6946
0.6947
0.6948000000000001
0.6949000000000001
0.6950000000000001
0.6951
0.6952
0.6953
0.6954
0.6955
0.6956
0.6957
0.6958000000000001
0.6959000000000001
0.6960000000000001
0.6961
0.6962
0.6963
0.6964
0.6965
0.6966
0.6967
0.6968000000000001
0.6969000000000001
0.6970000000000001
0.6971
0.6972
0.6973
0.6974
0.6975
0.6976
0.6977
0.6978000000000001
0.6979000000000001
0.6980000000000001
0.6981
0.6982
0.6983
0.6984
0.6985
0.6986
0.6987
0.6988000000000001
0.6989000000000001
0.6990000000000001
0.6991
0.6992
0.6993
0.6994
0.6995
0.6996
0.6997
0.6998000000000001
0.6999000000000001
0.7000000000000001
0.7001000000000001
0.7002
0.7003
0.7004
0.7005
0.7006
0.7007
0.7008
0.7009000000000001
0.7010000000000001
0.7011000000000001
0.7012
0.7013
0.7014
0.7015
0.7016
0.7017
0.7018
0.7019000000000001
0.7020000000000001
0.7021000000000001
0.7022
0.7023
0.7024
0.7025
0.7026
0.7027
0.7028
0.7029000000000001
0.7030000000000001
0.7031000000000001
0.7032
0.7033
0.7034
0.7035
0.7036
0.7037
0.7038
0.7039000000000001
0.7040000000000001
0.7041000000000001
0.7042
0.7043
0.7044
0.7045
0.7046
0.7047
0.7048
0.7049000000000001
0.7050000000000001
0.7051000000000001
0.7052
0.7053
0.7054
0.7055
0.7056
0.7057
0.7058
0.7059000000000001
0.7060000000000001
0.7061000000000001
0.7062
0.7063
0.7064
0.7065
0.7066
0.7067
0.7068
0.7069000000000001
0.7070000000000001
0.7071000000000001
0.7072
0.7073
0.7074
0.7075
0.7076
0.7077
0.7078
0.7079000000000001
0.7080000000000001
0.7081000000000001
0.7082
0.7083
0.7084
0.7085
0.7086
0.7087
0.7088
0.7089000000000001
0.7090000000000001
0.7091000000000001
0.7092
0.7093
0.7094
0.7095
0.7096
0.7097
0.7098
0.7099000000000001
0.7100000000000001
0.7101000000000001
0.7102
0.7103
0.7104
0.7105
0.7106
0.7107
0.7108
0.7109000000000001
0.7110000000000001
0.7111000000000001
0.7112
0.7113
0.7114
0.7115
0.7116
0.7117
0.7118
0.7119000000000001
0.7120000000000001
0.7121000000000001
0.7122
0.7123
0.7124
0.7125
0.7126
0.7127
0.7128
0.7129000000000001
0.7130000000000001
0.7131000000000001
0.7132000000000001
0.7133
0.7134
0.7135
0.7136
0.7137
0.7138
0.7139
0.7140000000000001
0.7141000000000001
0.7142000000000001
0.7143
0.7144
0.7145
0.7146
0.7147
0.7148
0.7149
0.7150000000000001
0.7151000000000001
0.7152000000000001
0.7153
0.7154
0.7155
0.7156
0.7157
0.7158
0.7159
0.7160000000000001
0.7161000000000001
0.7162000000000001
0.7163
0.7164
0.7165
0.7166
0.7167
0.7168
0.7169
0.7170000000000001
0.7171000000000001
0.7172000000000001
0.7173
0.7174
0.7175
0.7176
0.7177
0.7178
0.7179
0.7180000000000001
0.7181000000000001
0.7182000000000001
0.7183
0.7184
0.7185
0.7186
0.7187
0.7188
0.7189
0.7190000000000001
0.7191000000000001
0.7192000000000001
0.7193
0.7194
0.7195
0.7196
0.7197
0.7198
0.7199
0.7200000000000001
0.7201000000000001
0.7202000000000001
0.7203
0.7204
0.7205
0.7206
0.7207
0.7208
0.7209
0.7210000000000001
0.7211000000000001
0.7212000000000001
0.7213
0.7214
0.7215
0.7216
0.7217
0.7218
0.7219
0.7220000000000001
0.7221000000000001
0.7222000000000001
0.7223
0.7224
0.7225
0.7226
0.7227
0.7228
0.7229
0.7230000000000001
0.7231000000000001
0.7232000000000001
0.7233
0.7234
0.7235
0.7236
0.7237
0.7238
0.7239
0.7240000000000001
0.7241000000000001
0.7242000000000001
0.7243
0.7244
0.7245
0.7246
0.7247
0.7248
0.7249
0.7250000000000001
0.7251000000000001
0.7252000000000001
0.7253000000000001
0.7254
0.7255
0.7256
0.7257
0.7258
0.7259
0.7260000000000001
0.7261000000000001
0.7262000000000001
0.7263000000000001
0.7264
0.7265
0.7266
0.7267
0.7268
0.7269
0.727
0.7271000000000001
0.7272000000000001
0.7273000000000001
0.7274
0.7275
0.7276
0.7277
0.7278
0.7279
0.728
0.7281000000000001
0.7282000000000001
0.7283000000000001
0.7284
0.7285
0.7286
0.7287
0.7288
0.7289
0.729
0.7291000000000001
0.7292000000000001
0.7293000000000001
0.7294
0.7295
0.7296
0.7297
0.7298
0.7299
0.73
0.7301000000000001
0.7302000000000001
0.7303000000000001
0.7304
0.7305
0.7306
0.7307
0.7308
0.7309
0.731
0.7311000000000001
0.7312000000000001
0.7313000000000001
0.7314
0.7315
0.7316
0.7317
0.7318
0.7319
0.732
0.7321000000000001
0.7322000000000001
0.7323000000000001
0.7324
0.7325
0.7326
0.7327
0.7328
0.7329
0.733
0.7331000000000001
0.7332000000000001
0.7333000000000001
0.7334
0.7335
0.7336
0.7337
0.7338
0.7339
0.734
0.7341000000000001
0.7342000000000001
0.7343000000000001
0.7344
0.7345
0.7346
0.7347
0.7348
0.7349
0.735
0.7351000000000001
0.7352000000000001
0.7353000000000001
0.7354
0.7355
0.7356
0.7357
0.7358
0.7359
0.736
0.7361000000000001
0.7362000000000001
0.7363000000000001
0.7364
0.7365
0.7366
0.7367
0.7368
0.7369
0.737
0.7371000000000001
0.7372000000000001
0.7373000000000001
0.7374
0.7375
0.7376
0.7377
0.7378
0.7379
0.738
0.7381000000000001
0.7382000000000001
0.7383000000000001
0.7384000000000001
0.7385
0.7386
0.7387
0.7388
0.7389
0.739
0.7391000000000001
0.7392000000000001
0.7393000000000001
0.7394000000000001
0.7395
0.7396
0.7397
0.7398
0.7399
0.74
0.7401
0.7402000000000001
0.7403000000000001
0.7404000000000001
0.7405
0.7406
0.7407
0.7408
0.7409
0.741
0.7411
0.7412000000000001
0.7413000000000001
0.7414000000000001
0.7415
0.7416
0.7417
0.7418
0.7419
0.742
0.7421
0.7422000000000001
0.7423000000000001
0.7424000000000001
0.7425
0.7426
0.7427
0.7428
0.7429
0.743
0.7431
0.7432000000000001
0.7433000000000001
0.7434000000000001
0.7435
0.7436
0.7437
0.7438
0.7439
0.744
0.7441
0.7442000000000001
0.7443000000000001
0.7444000000000001
0.7445
0.7446
0.7447
0.7448
0.7449
0.745
0.7451
0.7452000000000001
0.7453000000000001
0.7454000000000001
0.7455
0.7456
0.7457
0.7458
0.7459
0.746
0.7461
0.7462000000000001
0.7463000000000001
0.7464000000000001
0.7465
0.7466
0.7467
0.7468
0.7469
0.747
0.7471
0.7472000000000001
0.7473000000000001
0.7474000000000001
0.7475
0.7476
0.7477
0.7478
0.7479
0.748
0.7481
0.7482000000000001
0.7483000000000001
0.7484000000000001
0.7485
0.7486
0.7487
0.7488
0.7489
0.749
0.7491
0.7492000000000001
0.7493000000000001
0.7494000000000001
0.7495
0.7496
0.7497
0.7498
0.7499
0.75
0.7501
0.7502000000000001
0.7503000000000001
0.7504000000000001
0.7505000000000001
0.7506
0.7507
0.7508
0.7509
0.751
0.7511
0.7512000000000001
0.7513000000000001
0.7514000000000001
0.7515000000000001
0.7516
0.7517
0.7518
0.7519
0.752
0.7521
0.7522000000000001
0.7523000000000001
0.7524000000000001
0.7525000000000001
0.7526
0.7527
0.7528
0.7529
0.753
0.7531
0.7532
0.7533000000000001
0.7534000000000001
0.7535000000000001
0.7536
0.7537
0.7538
0.7539
0.754
0.7541
0.7542
0.7543000000000001
0.7544000000000001
0.7545000000000001
0.7546
0.7547
0.7548
0.7549
0.755
0.7551
0.7552
0.7553000000000001
0.7554000000000001
0.7555000000000001
0.7556
0.7557
0.7558
0.7559
0.756
0.7561
0.7562
0.7563000000000001
0.7564000000000001
0.7565000000000001
0.7566
0.7567
0.7568
0.7569
0.757
0.7571
0.7572
0.7573000000000001
0.7574000000000001
0.7575000000000001
0.7576
0.7577
0.7578
0.7579
0.758
0.7581
0.7582
0.7583000000000001
0.7584000000000001
0.7585000000000001
0.7586
0.7587
0.7588
0.7589
0.759
0.7591
0.7592
0.7593000000000001
0.7594000000000001
0.7595000000000001
0.7596
0.7597
0.7598
0.7599
0.76
0.7601
0.7602
0.7603000000000001
0.7604000000000001
0.7605000000000001
0.7606
0.7607
0.7608
0.7609
0.761
0.7611
0.7612
0.7613000000000001
0.7614000000000001
0.7615000000000001
0.7616
0.7617
0.7618
0.7619
0.762
0.7621
0.7622
0.7623000000000001
0.7624000000000001
0.7625000000000001
0.7626000000000001
0.7627
0.7628
0.7629
0.763
0.7631
0.7632
0.7633000000000001
0.7634000000000001
0.7635000000000001
0.7636000000000001
0.7637
0.7638
0.7639
0.764
0.7641
0.7642
0.7643000000000001
0.7644000000000001
0.7645000000000001
0.7646000000000001
0.7647
0.7648
0.7649
0.765
0.7651
0.7652
0.7653000000000001
0.7654000000000001
0.7655000000000001
0.7656000000000001
0.7657
0.7658
0.7659
0.766
0.7661
0.7662
0.7663000000000001
0.7664000000000001
0.7665000000000001
0.7666000000000001
0.7667
0.7668
0.7669
0.767
0.7671
0.7672
0.7673
0.7674000000000001
0.7675000000000001
0.7676000000000001
0.7677
0.7678
0.7679
0.768
0.7681
0.7682
0.7683
0.7684000000000001
0.7685000000000001
0.7686000000000001
0.7687
0.7688
0.7689
0.769
0.7691
0.7692
0.7693
0.7694000000000001
0.7695000000000001
0.7696000000000001
0.7697
0.7698
0.7699
0.77
0.7701
0.7702
0.7703
0.7704000000000001
0.7705000000000001
0.7706000000000001
0.7707
0.7708
0.7709
0.771
0.7711
0.7712
0.7713
0.7714000000000001
0.7715000000000001
0.7716000000000001
0.7717
0.7718
0.7719
0.772
0.7721
0.7722
0.7723
0.7724000000000001
0.7725000000000001
0.7726000000000001
0.7727
0.7728
0.7729
0.773
0.7731
0.7732
0.7733
0.7734000000000001
0.7735000000000001
0.7736000000000001
0.7737
0.7738
0.7739
0.774
0.7741
0.7742
0.7743
0.7744000000000001
0.7745000000000001
0.7746000000000001
0.7747
0.7748
0.7749
0.775
0.7751
0.7752
0.7753
0.7754000000000001
0.7755000000000001
0.7756000000000001
0.7757000000000001
0.7758
0.7759
0.776
0.7761
0.7762
0.7763
0.7764000000000001
0.7765000000000001
0.7766000000000001
0.7767000000000001
0.7768
0.7769
0.777
0.7771
0.7772
0.7773
0.7774000000000001
0.7775000000000001
0.7776000000000001
0.7777000000000001
0.7778
0.7779
0.778
0.7781
0.7782
0.7783
0.7784000000000001
0.7785000000000001
0.7786000000000001
0.7787000000000001
0.7788
0.7789
0.779
0.7791
0.7792
0.7793
0.7794000000000001
0.7795000000000001
0.7796000000000001
0.7797000000000001
0.7798
0.7799
0.78
0.7801
0.7802
0.7803
0.7804
0.7805000000000001
0.7806000000000001
0.7807000000000001
0.7808
0.7809
0.781
0.7811
0.7812
0.7813
0.7814
0.7815000000000001
0.7816000000000001
0.7817000000000001
0.7818
0.7819
0.782
0.7821
0.7822
0.7823
0.7824
0.7825000000000001
0.7826000000000001
0.7827000000000001
0.7828
0.7829
0.783
0.7831
0.7832
0.7833
0.7834
0.7835000000000001
0.7836000000000001
0.7837000000000001
0.7838
0.7839
0.784
0.7841
0.7842
0.7843
0.7844
0.7845000000000001
0.7846000000000001
0.7847000000000001
0.7848
0.7849
0.785
0.7851
0.7852
0.7853
0.7854
0.7855000000000001
0.7856000000000001
0.7857000000000001
0.7858
0.7859
0.786
0.7861
0.7862
0.7863
0.7864
0.7865000000000001
0.7866000000000001
0.7867000000000001
0.7868
0.7869
0.787
0.7871
0.7872
0.7873
0.7874
0.7875000000000001
0.7876000000000001
0.7877000000000001
0.7878000000000001
0.7879
0.788
0.7881
0.7882
0.7883
0.7884
0.7885000000000001
0.7886000000000001
0.7887000000000001
0.7888000000000001
0.7889
0.789
0.7891
0.7892
0.7893
0.7894
0.7895000000000001
0.7896000000000001
0.7897000000000001
0.7898000000000001
0.7899
0.79
0.7901
0.7902
0.7903
0.7904
0.7905000000000001
0.7906000000000001
0.7907000000000001
0.7908000000000001
0.7909
0.791
0.7911
0.7912
0.7913
0.7914
0.7915000000000001
0.7916000000000001
0.7917000000000001
0.7918000000000001
0.7919
0.792
0.7921
0.7922
0.7923
0.7924
0.7925000000000001
0.7926000000000001
0.7927000000000001
0.7928000000000001
0.7929
0.793
0.7931
0.7932
0.7933
0.7934
0.7935
0.7936000000000001
0.7937000000000001
0.7938000000000001
0.7939
0.794
0.7941
0.7942
0.7943
0.7944
0.7945
0.7946000000000001
0.7947000000000001
0.7948000000000001
0.7949
0.795
0.7951
0.7952
0.7953
0.7954
0.7955
0.7956000000000001
0.7957000000000001
0.7958000000000001
0.7959
0.796
0.7961
0.7962
0.7963
0.7964
0.7965
0.7966000000000001
0.7967000000000001
0.7968000000000001
0.7969
0.797
0.7971
0.7972
0.7973
0.7974
0.7975
0.7976000000000001
0.7977000000000001
0.7978000000000001
0.7979
0.798
0.7981
0.7982
0.7983
0.7984
0.7985
0.7986000000000001
0.7987000000000001
0.7988000000000001
0.7989
0.799
0.7991
0.7992
0.7993
0.7994
0.7995
0.7996000000000001
0.7997000000000001
0.7998000000000001
0.7999
