-58.602
-58.612
-58.714
-58.717
-58.74
-58.737
-58.737
-58.76
-58.727
-58.789
-58.796
-58.792
-58.753
-58.776
-58.628
-58.618
-58.723
-58.681
-58.687
-58.707
-58.756
-58.76
-58.792
-58.802
-58.825
-58.832
-58.819
-58.875
-58.838
-58.842
-58.878
-58.855
-58.881
-58.911
-58.99
-58.944
-58.911
-59.006
-58.98
-58.99
-58.931
-58.99
-59.009
-58.947
-59.065
-59.0
-59.009
-59.059
-59.062
-59.055
-59.082
-59.092
-59.082
-59.085
-59.105
-59.154
-59.161
-59.233
-59.207
-59.262
-59.246
-59.295
-59.345
-59.299
-59.309
-59.348
-59.335
-59.335
-59.41
-59.44
-59.493
-59.496
-59.483
-59.506
-59.502
-59.519
-59.519
-59.611
-59.532
-59.64
-59.562
-59.588
-59.64
-59.733
-59.765
-59.818
-59.811
-59.798
-59.762
-59.884
-59.828
-59.887
-59.887
-59.864
-59.884
-59.818
-59.844
-59.831
-59.805
-59.834
-59.815
-59.877
-59.94
-59.844
-59.887
-59.91
-59.871
-59.959
-59.93
-59.94
-59.926
-60.015
-59.989
-59.989
-59.953
-60.015
-60.035
-59.963
-59.959
-59.989
-60.065
-59.969
-60.048
-60.134
-60.13
-60.189
-60.176
-60.176
-60.222
-60.285
-60.321
-60.281
-60.37
-60.37
-60.436
-60.387
-60.449
-60.482
-60.495
-60.567
-60.521
-60.544
-60.63
-60.699
-60.663
-60.735
-60.696
-60.692
-60.735
-60.702
-60.682
-60.709
-60.715
-60.663
-60.627
-60.666
-60.801
-60.751
-60.748
-60.761
-60.814
-60.817
-60.916
-60.936
-60.939
-60.906
-60.959
-60.922
-60.926
-60.945
-60.968
-60.883
-60.857
-60.87
-60.824
-60.86
-60.922
-60.932
-60.922
-60.975
-61.011
-60.985
-60.906
-60.985
-61.014
-60.945
-60.975
-60.959
-61.067
-61.1
-61.12
-61.07
-61.08
-61.106
-61.123
-61.136
-61.159
-61.199
-61.235
-61.202
-61.179
-61.212
-61.235
-61.222
-61.248
-61.241
-61.235
-61.291
-61.304
-61.343
-61.409
-61.392
-61.386
-61.461
-61.422
-61.399
-61.425
-61.547
-61.632
-61.537
-61.534
-61.636
-61.619
-61.629
-61.669
-61.718
-61.764
-61.731
-61.764
-61.682
-61.672
-61.672
-61.738
-61.862
-61.876
-61.83
-61.823
-61.856
-61.79
-61.869
-61.922
-61.922
-61.83
-61.892
-61.905
-61.955
-62.027
-62.01
-61.997
-61.961
-61.984
-61.961
-61.984
-61.984
-62.033
-61.994
-61.938
-61.932
-61.902
-61.948
-61.974
-61.836
-61.895
-61.862
-61.839
-61.843
-61.935
-61.968
-61.918
-61.935
-61.915
-61.948
-62.004
-61.922
-62.004
-61.991
-62.02
-62.01
-62.03
-62.102
-62.083
-62.06
-62.053
-61.994
-62.096
-62.086
-62.047
-62.093
-62.096
-61.997
-62.093
-62.076
-62.119
-62.04
-61.928
-61.909
-61.899
-61.915
-62.017
-62.03
-61.958
-62.043
-62.007
-62.02
-61.991
-61.974
-61.981
-61.964
-61.987
-62.01
-62.017
-61.987
-61.938
-61.925
-61.951
-62.007
-61.961
-62.014
-62.03
-62.06
-62.053
-61.994
-62.037
-62.053
-62.03
-62.037
-61.997
-62.027
-62.01
-62.004
-61.968
-61.935
-61.958
-61.889
-61.918
-61.866
-61.978
-61.899
-61.955
-61.882
-61.935
-61.876
-61.928
-61.816
-61.902
-61.961
-61.978
-61.925
-61.987
-61.945
-61.928
-61.964
-61.918
-61.955
-61.918
-62.014
-62.02
-61.961
-62.014
-61.968
-62.017
-61.981
-62.014
-61.955
-62.06
-62.014
-61.935
-61.912
-62.004
-62.004
-62.004
-62.076
-62.07
-62.155
-62.06
-62.063
-62.096
-62.122
-62.188
-62.188
-62.231
-62.194
-62.102
-62.073
-62.05
-62.129
-62.089
-62.083
-62.135
-62.05
-62.063
-62.089
-62.066
-62.093
-62.083
-62.03
-62.017
-62.089
-62.102
-62.099
-62.129
-62.152
-62.102
-62.112
-62.175
-62.119
-62.109
-62.194
-62.185
-62.254
-62.283
-62.214
-62.122
-62.106
-62.132
-62.129
-62.171
-62.227
-62.129
-62.165
-62.129
-62.145
-62.178
-62.329
-62.194
-62.267
-62.227
-62.24
-62.171
-62.326
-62.313
-62.27
-62.244
-62.257
-62.211
-62.244
-62.25
-62.224
-62.188
-62.155
-62.287
-62.3
-62.28
-62.254
-62.273
-62.27
-62.254
-62.303
-62.303
-62.313
-62.283
-62.316
-62.333
-62.448
-62.379
-62.467
-62.408
-62.431
-62.507
-62.553
-62.572
-62.595
-62.592
-62.589
-62.609
-62.618
-62.543
-62.586
-62.523
-62.513
-62.579
-62.549
-62.655
-62.648
-62.714
-62.595
-62.697
-62.707
-62.661
-62.566
-62.543
-62.668
-62.651
-62.595
-62.622
-62.599
-62.645
-62.625
-62.605
-62.579
-62.49
-62.497
-62.474
-62.425
-62.556
-62.513
-62.441
-62.411
-62.428
-62.372
-62.372
-62.313
-62.369
-62.405
-62.494
-62.51
-62.526
-62.484
-62.415
-62.49
-62.474
-62.421
-62.425
-62.454
-62.421
-62.326
-62.359
-62.346
-62.372
-62.408
-62.405
-62.425
-62.408
-62.513
-62.431
-62.467
-62.48
-62.438
-62.5
-62.408
-62.418
-62.471
-62.461
-62.533
-62.48
-62.51
-62.471
-62.563
-62.487
-62.487
-62.461
-62.523
-62.507
-62.543
-62.546
-62.602
-62.546
-62.572
-62.572
-62.543
-62.513
-62.665
-62.641
-62.684
-62.648
-62.576
-62.582
-62.595
-62.595
-62.625
-62.602
-62.641
-62.638
-62.635
-62.625
-62.592
-62.589
-62.661
-62.595
-62.632
-62.638
-62.615
-62.648
-62.638
-62.609
-62.638
-62.582
-62.697
-62.622
-62.635
-62.651
-62.622
-62.658
-62.717
-62.684
-62.691
-62.618
-62.674
-62.651
-62.599
-62.641
-62.582
-62.638
-62.655
-62.595
-62.645
-62.595
-62.638
-62.638
-62.645
-62.671
-62.625
-62.688
-62.641
-62.609
-62.559
-62.694
-62.671
-62.625
-62.694
-62.72
-62.684
-62.743
-62.73
-62.72
-62.678
-62.628
-62.615
-62.622
-62.579
-62.54
-62.533
-62.523
-62.457
-62.444
-62.405
-62.296
-62.362
-62.415
-62.329
-62.369
-62.379
-62.333
-62.296
-62.273
-62.181
-62.28
-62.231
-62.224
-62.296
-62.257
-62.198
-62.28
-62.273
-62.257
-62.257
-62.194
-62.277
-62.28
-62.306
-62.231
-62.28
-62.283
-62.217
-62.221
-62.185
-62.168
-62.145
-62.211
-62.198
-62.178
-62.099
-62.158
-62.165
-62.158
-62.217
-62.208
-62.158
-62.24
-62.204
-62.139
-62.198
-62.214
-62.263
-62.296
-62.267
-62.316
-62.313
-62.339
-62.28
-62.287
-62.129
-62.267
-62.26
-62.293
-62.303
-62.319
-62.263
-62.191
-62.178
-62.198
-62.178
-62.132
-62.155
-62.158
-62.267
-62.211
-62.185
-62.224
-62.224
-62.135
-62.175
-62.129
-62.119
-62.139
-62.178
-62.293
-62.234
-62.165
-62.165
-62.168
-62.132
-62.139
-62.158
-62.171
-62.145
-62.053
-62.178
-62.152
-62.116
-62.043
-62.139
-62.125
-62.116
-62.04
-61.994
-61.974
-61.968
-61.984
-62.001
-61.945
-61.974
-61.961
-61.968
-62.037
-61.968
-61.968
-61.971
-61.912
-61.991
-62.027
-61.922
-61.955
-61.987
-62.014
-61.968
-61.971
-61.928
-62.001
-61.941
-62.043
-62.079
-62.089
-62.056
-61.981
-62.086
-62.086
-61.981
-61.984
-61.961
-62.027
-62.04
-62.033
-61.938
-61.961
-61.915
-61.889
-61.938
-61.935
-61.912
-61.905
-61.853
-61.935
-61.932
-61.895
-61.777
-61.787
-61.81
-61.826
-61.777
-61.784
-61.695
-61.797
-61.81
-61.803
-61.747
-61.774
-61.803
-61.836
-61.866
-61.807
-61.862
-61.872
-61.823
-61.747
-61.784
-61.784
-61.751
-61.807
-61.793
-61.711
-61.734
-61.747
-61.698
-61.793
-61.715
-61.675
-61.685
-61.682
-61.741
-61.747
-61.731
-61.777
-61.761
-61.747
-61.734
-61.734
-61.731
-61.797
-61.816
-61.803
-61.859
-61.862
-61.823
-61.866
-61.902
-61.853
-61.803
-61.774
-61.833
-61.866
-61.869
-61.889
-61.918
-61.958
-62.093
-62.01
-62.056
-62.05
-62.063
-62.001
-62.007
-62.01
-62.001
-62.04
-62.037
-62.099
-62.056
-62.02
-62.099
-62.139
-62.185
-62.148
-62.116
-62.093
-62.132
-62.211
-62.227
-62.155
-62.198
-62.231
-62.188
-62.204
-62.148
-62.25
-62.24
-62.227
-62.158
-62.181
-62.24
-62.283
-62.296
-62.231
-62.267
-62.28
-62.224
-62.277
-62.263
-62.306
-62.336
-62.333
-62.382
-62.29
-62.247
-62.24
-62.27
-62.217
-62.198
-62.198
-62.277
-62.31
-62.339
-62.237
-62.273
-62.217
-62.211
-62.254
-62.267
-62.185
-62.24
-62.237
-62.171
-62.089
-62.083
-62.175
-62.106
-62.043
-62.047
-62.004
-61.997
-61.994
-61.991
-61.997
-61.945
-61.984
-61.945
-61.895
-61.83
-61.895
-61.869
-61.82
-61.741
-61.816
-61.77
-61.695
-61.721
-61.715
-61.672
-61.6
-61.606
-61.567
-61.521
-61.484
-61.435
-61.422
-61.376
-61.264
-61.189
-61.153
-61.133
-61.074
-61.034
-61.005
-60.916
-60.85
-60.791
-60.751
-60.682
-60.65
-60.587
-60.535
-60.515
-60.406
-60.403
-60.321
-60.272
-60.143
-60.104
-60.107
-60.104
-60.002
-59.88
-59.857
-59.775
-59.769
-59.637
-59.588
-59.493
-59.493
-59.318
-59.289
-59.236
-59.262
-59.078
-59.062
-58.996
-58.832
-58.648
-58.641
-58.638
-58.559
-58.46
-58.326
-58.28
-58.082
-58.02
-57.918
-57.882
-57.797
-57.704
-57.678
-57.596
-57.55
-57.451
-57.379
-57.277
-57.172
-57.11
-57.08
-56.978
-56.971
-56.804
-56.764
-56.567
-56.538
-56.59
-56.354
-56.308
-56.156
-56.091
-56.018
-55.854
-55.795
-55.772
-55.673
-55.479
-55.423
-55.374
-55.305
-55.22
-55.009
-54.966
-54.901
-54.773
-54.657
-54.549
-54.477
-54.293
-54.181
-54.017
-54.01
-53.8
-53.731
-53.527
-53.389
-53.287
-53.126
-52.945
-52.767
-52.623
-52.488
-52.353
-52.173
-51.962
-51.821
-51.752
-51.525
-51.44
-51.292
-51.104
-50.983
-50.739
-50.634
-50.391
-50.276
-50.121
-49.872
-49.688
-49.359
-49.017
-48.744
-48.139
-47.492
-46.736
-46.016
-45.51
-45.145
-44.859
-44.682
-44.636
-44.655
-44.711
-44.668
-44.695
-44.81
-44.905
-44.908
-44.984
-45.01
-45.043
-45.211
-45.24
-45.283
-45.375
-45.421
-45.536
-45.484
-45.579
-45.664
-45.681
-45.786
-45.921
-46.01
-46.121
-46.102
-46.121
-46.164
-46.236
-46.309
-46.397
-46.476
-46.509
-46.578
-46.641
-46.654
-46.657
-46.729
-46.775
-46.696
-46.726
-46.677
-46.667
-46.68
-46.66
-46.604
-46.683
-46.654
-46.631
-46.68
-46.654
-46.67
-46.572
-46.581
-46.549
-46.473
-46.42
-46.368
-46.358
-46.345
-46.322
-46.246
-46.157
-46.174
-46.052
-45.96
-45.829
-45.799
-45.727
-45.641
-45.553
-45.434
-45.346
-45.3
-45.207
-45.089
-44.968
-44.797
-44.668
-44.593
-44.248
-43.742
-43.196
-42.581
-41.993
-41.592
-41.243
-40.971
-40.879
-40.76
-40.882
-40.869
-40.921
-40.967
-41.056
-41.145
-41.296
-41.398
-41.51
-41.533
-41.677
-41.802
-41.884
-41.891
-41.967
-42.141
-42.131
-42.2
-42.243
-42.253
-42.292
-42.351
-42.496
-42.545
-42.604
-42.604
-42.66
-42.683
-42.818
-42.805
-42.765
-42.775
-42.788
-42.824
-42.897
-42.864
-42.88
-42.92
-42.959
-42.966
-42.897
-42.854
-42.861
-42.864
-42.867
-42.847
-42.818
-42.847
-42.785
-42.673
-42.581
-42.529
-42.469
-42.358
-42.289
-42.18
-42.075
-41.95
-41.796
-41.677
-41.52
-41.237
-40.777
-40.178
-39.682
-39.11
-38.64
-38.223
-38.016
-37.986
-37.927
-38.049
-37.963
-37.973
-38.111
-38.223
-38.338
-38.394
-38.387
-38.545
-38.532
-38.617
-38.614
-38.722
-38.788
-38.834
-38.867
-38.841
-38.824
-38.9
-38.916
-38.943
-39.021
-39.068
-38.998
-39.084
-39.051
-39.153
-39.219
-39.278
-39.301
-39.38
-39.399
-39.472
-39.554
-39.551
-39.593
-39.659
-39.768
-39.741
-39.804
-39.804
-39.823
-39.827
-39.794
-39.797
-39.738
-39.774
-39.712
-39.741
-39.682
-39.63
-39.6
-39.593
-39.528
-39.469
-39.33
-39.307
-39.199
-39.16
-39.005
-38.62
-38.288
-37.809
-37.355
-36.915
-36.592
-36.395
-36.313
-36.372
-36.349
-36.484
-36.635
-36.796
-36.882
-37.135
-37.204
-37.401
-37.516
-37.72
-37.795
-37.917
-37.993
-38.127
-38.19
-38.272
-38.358
-38.436
-38.535
-38.502
-38.538
-38.509
-38.574
-38.542
-38.604
-38.565
-38.548
-38.551
-38.499
-38.473
-38.44
-38.446
-38.459
-38.318
-38.229
-38.18
-38.062
-37.993
-37.917
-37.855
-37.657
-37.661
-37.529
-37.408
-37.187
-36.941
-36.55
-36.047
-35.498
-35.064
-34.64
-34.246
-34.104
-33.96
-33.946
-34.012
-34.048
-34.255
-34.338
-34.417
-34.538
-34.742
-34.831
-35.021
-35.192
-35.301
-35.386
-35.508
-35.652
-35.761
-35.794
-35.84
-35.925
-35.896
-36.037
-36.04
-36.129
-36.162
-36.159
-36.26
-36.267
-36.329
-36.445
-36.451
-36.431
-36.431
-36.431
-36.382
-36.376
-36.333
-36.274
-36.3
-36.3
-36.257
-36.224
-36.172
-35.948
-35.922
-35.813
-35.656
-35.416
-35.11
-34.663
-34.062
-33.614
-33.184
-32.882
-32.605
-32.573
-32.497
-32.546
-32.566
-32.701
-32.668
-32.826
-32.921
-33.062
-33.217
-33.338
-33.421
-33.473
-33.585
-33.621
-33.664
-33.73
-33.68
-33.762
-33.874
-33.838
-33.716
-33.766
-33.713
-33.684
-33.621
-33.71
-33.598
-33.526
-33.49
-33.516
-33.411
-33.375
-33.302
-33.154
-33.069
-32.928
-32.835
-32.681
-32.49
-32.287
-31.978
-31.567
-31.11
-30.729
-30.38
-30.176
-29.989
-29.979
-29.989
-30.065
-30.107
-30.183
-30.314
-30.545
-30.702
-31.018
-31.169
-31.416
-31.488
-31.632
-31.728
-31.797
-31.981
-32.089
-32.181
-32.26
-32.342
-32.402
-32.533
-32.651
-32.76
-32.924
-33.043
-33.223
-33.315
-33.43
-33.509
-33.621
-33.677
-33.881
-34.032
-34.131
-34.301
-34.4
-34.515
-34.637
-34.762
-34.88
-35.057
-35.172
-35.268
-35.399
-35.521
-35.606
-35.649
-35.79
-35.836
-35.909
-36.037
-36.08
-36.136
-36.191
-36.27
-36.198
-36.211
-36.247
-36.349
-36.313
-36.316
-36.389
-36.343
-36.323
-36.168
-36.103
-36.05
-35.951
-35.882
-35.721
-35.557
-35.182
-34.765
-34.305
-33.979
-33.651
-33.503
-33.43
-33.388
-33.457
-33.559
-33.743
-33.907
-33.937
-34.078
-34.252
-34.43
-34.459
-34.63
-34.86
-34.995
-35.143
-35.255
-35.347
-35.455
-35.623
-35.735
-35.781
-35.827
-35.853
-35.8
-35.919
-35.981
-36.053
-36.119
-36.007
-36.106
-36.178
-36.198
-36.182
-36.155
-36.198
-36.175
-36.254
-36.149
-36.06
-36.086
-36.044
-35.974
-35.919
-35.82
-35.748
-35.6
-35.514
-35.406
-35.304
-35.235
-35.117
-34.864
-34.587
-34.318
-33.838
-33.424
-33.036
-32.727
-32.51
-32.385
-32.365
-32.382
-32.569
-32.619
-32.671
-32.799
-32.967
-33.006
-33.181
-33.289
-33.398
-33.582
-33.73
-33.733
-33.91
-34.108
-34.242
-34.397
-34.489
-34.555
-34.64
-34.791
-34.824
-34.965
-35.018
-35.166
-35.324
-35.245
-35.219
-35.288
-35.288
-35.34
-35.386
-35.429
-35.547
-35.649
-35.754
-35.79
-35.807
-35.741
-35.718
-35.652
-35.554
-35.534
-35.531
-35.416
-35.399
-35.396
-35.396
-35.324
-35.209
-35.002
-34.834
-34.541
-34.094
-33.628
-33.233
-32.766
-32.395
-32.208
-32.02
-31.951
-31.981
-32.024
-32.132
-32.204
-32.329
-32.418
-32.444
-32.504
-32.553
-32.576
-32.694
-32.724
-32.786
-32.78
-32.793
-32.73
-32.832
-32.717
-32.701
-32.684
-32.681
-32.642
-32.619
-32.576
-32.517
-32.471
-32.411
-32.273
-32.155
-32.063
-31.987
-31.859
-31.728
-31.642
-31.58
-31.442
-31.195
-30.919
-30.554
-30.163
-29.71
-29.292
-28.917
-28.687
-28.543
-28.5
-28.586
-28.533
-28.684
-28.76
-28.878
-29.029
-29.23
-29.384
-29.532
-29.812
-29.946
-30.114
-30.321
-30.416
-30.6
-30.742
-30.926
-31.172
-31.393
-31.623
-31.764
-31.971
-32.162
-32.379
-32.536
-32.684
-32.829
-32.918
-33.089
-33.335
-33.48
-33.526
-33.756
-33.907
-34.065
-34.104
-34.269
-34.38
-34.568
-34.686
-34.791
-34.88
-35.008
-35.09
-35.12
-35.156
-35.182
-35.205
-35.182
-35.219
-35.324
-35.34
-35.215
-35.363
-35.399
-35.406
-35.412
-35.531
-35.488
-35.58
-35.626
-35.55
-35.508
-35.527
-35.544
-35.531
-35.511
-35.488
-35.307
-35.265
-35.015
-34.791
-34.436
-34.108
-33.739
-33.526
-33.332
-33.266
-33.25
-33.322
-33.361
-33.555
-33.7
-33.894
-34.065
-34.137
-34.292
-34.456
-34.624
-34.827
-34.988
-35.169
-35.35
-35.511
-35.567
-35.675
-35.672
-35.698
-35.83
-35.85
-35.882
-36.004
-36.073
-36.021
-36.096
-36.136
-36.162
-36.201
-36.162
-36.195
-36.205
-36.228
-36.182
-36.228
-36.139
-36.205
-36.182
-36.106
-35.998
-36.053
-35.955
-35.836
-35.82
-35.863
-35.751
-35.748
-35.738
-35.646
-35.547
-35.498
-35.406
-35.205
-35.232
-35.071
-34.936
-34.666
-34.347
-34.029
-33.605
-33.213
-32.924
-32.589
-32.497
-32.444
-32.398
-32.49
-32.622
-32.806
-32.987
-33.151
-33.21
-33.365
-33.496
-33.69
-33.785
-34.052
-34.255
-34.4
-34.541
-34.706
-34.969
-35.067
-35.294
-35.422
-35.511
-35.587
-35.626
-35.715
-35.879
-35.955
-36.139
-36.224
-36.247
-36.172
-36.172
-36.231
-36.349
-36.369
-36.369
-36.29
-36.346
-36.254
-36.119
-36.083
-36.076
-36.034
-35.974
-35.905
-35.856
-35.781
-35.6
-35.495
-35.202
-35.094
-34.903
-34.653
-34.512
-34.278
-33.996
-33.588
-33.108
-32.586
-32.221
-31.826
-31.57
-31.327
-31.156
-31.208
-31.136
-31.149
-31.205
-31.208
-31.294
-31.402
-31.485
-31.527
-31.678
-31.757
-31.856
-31.961
-32.04
-32.152
-32.283
-32.339
-32.448
-32.523
-32.527
-32.533
-32.628
-32.73
-32.75
-32.753
-32.885
-32.852
-32.806
-32.77
-32.681
-32.737
-32.582
-32.497
-32.543
-32.441
-32.392
-32.316
-32.326
-32.178
-32.129
-31.978
-31.866
-31.843
-31.725
-31.682
-31.655
-31.491
-31.366
-31.136
-30.896
-30.498
-30.111
-29.733
-29.414
-29.144
-28.94
-28.894
-28.99
-29.003
-29.085
-29.282
-29.401
-29.499
-29.644
-29.871
-30.028
-30.245
-30.452
-30.617
-30.788
-30.985
-31.084
-31.225
-31.386
-31.54
-31.665
-31.84
-32.017
-32.168
-32.296
-32.415
-32.546
-32.691
-32.862
-32.888
-33.052
-33.082
-33.2
-33.279
-33.434
-33.618
-33.608
-33.726
-33.766
-33.858
-33.953
-33.979
-34.068
-34.071
-34.167
-34.196
-34.177
-34.203
-34.2
-34.213
-34.183
-34.196
-34.16
-34.078
-34.154
-34.196
-34.16
-34.098
-34.045
-34.035
-34.022
-33.887
-33.871
-33.769
-33.651
-33.611
-33.45
-33.329
-33.115
-32.832
-32.431
-32.043
-31.702
-31.31
-31.153
-31.008
-30.883
-30.844
-30.84
-30.932
-31.057
-31.228
-31.383
-31.58
-31.797
-31.836
-31.905
-32.181
-32.221
-32.346
-32.461
-32.579
-32.704
-32.832
-32.951
-32.99
-33.131
-33.269
-33.414
-33.45
-33.565
-33.68
-33.841
-33.91
-33.93
-33.966
-34.019
-34.223
-34.177
-34.18
-34.249
-34.308
-34.328
-34.262
-34.38
-34.367
-34.446
-34.361
-34.453
-34.453
-34.433
-34.453
-34.469
-34.476
-34.476
-34.472
-34.338
-34.292
-34.282
-34.341
-34.338
-34.295
-34.209
-34.101
-34.075
-34.045
-33.937
-33.9
-33.848
-33.736
-33.601
-33.529
-33.394
-33.23
-33.043
-32.671
-32.231
-31.889
-31.508
-31.231
-31.031
-30.807
-30.87
-30.834
-30.893
-30.965
-31.093
-31.176
-31.36
-31.491
-31.557
-31.787
-31.859
-32.017
-32.168
-32.231
-32.287
-32.408
-32.474
-32.53
-32.622
-32.651
-32.665
-32.747
-32.806
-32.842
-32.891
-32.947
-32.964
-33.072
-33.066
-33.092
-33.128
-33.121
-33.102
-33.131
-33.135
-33.128
-33.19
-33.269
-33.302
-33.335
-33.391
-33.43
-33.411
-33.394
-33.381
-33.388
-33.444
-33.476
-33.407
-33.388
-33.358
-33.345
-33.378
-33.329
-33.286
-33.174
-33.187
-33.013
-32.937
-32.822
-32.678
-32.333
-32.06
-31.626
-31.189
-30.761
-30.446
-30.17
-29.992
-29.812
-29.696
-29.696
-29.716
-29.723
-29.802
-29.887
-29.956
-30.134
-30.305
-30.433
-30.669
-30.679
-30.899
-30.992
-31.179
-31.307
-31.412
-31.646
-31.646
-31.826
-31.912
-32.04
-32.198
-32.365
-32.484
-32.573
-32.727
-32.753
-32.789
-32.931
-33.062
-33.138
-33.184
-33.207
-33.325
-33.355
-33.611
-33.69
-33.723
-33.93
-33.992
-34.177
-34.226
-34.255
-34.393
-34.397
-34.44
-34.456
-34.417
-34.525
-34.525
-34.515
-34.564
-34.512
-34.587
-34.594
-34.489
-34.509
-34.528
-34.423
-34.509
-34.456
-34.38
-34.367
-34.315
-34.137
-34.111
-34.022
-34.015
-33.871
-33.753
-33.687
-33.496
-33.207
-32.793
-32.372
-31.994
-31.767
-31.609
-31.333
-31.258
-31.3
-31.363
-31.481
-31.531
-31.741
-31.8
-31.895
-32.063
-32.188
-32.306
-32.411
-32.474
-32.596
-32.743
-32.842
-32.97
-33.0
-33.22
-33.322
-33.322
-33.453
-33.536
-33.568
-33.641
-33.792
-33.785
-33.854
-33.953
-33.923
-33.95
-33.9
-33.868
-33.927
-33.933
-33.877
-33.868
-33.907
-33.871
-33.776
-33.657
-33.605
-33.476
-33.368
-33.243
-33.131
-32.921
-32.76
-32.622
-32.411
-32.198
-32.007
-31.833
-31.606
-31.258
-30.784
-30.311
-29.877
-29.453
-29.115
-28.888
-28.697
-28.615
-28.549
-28.523
-28.513
-28.464
-28.441
-28.582
-28.632
-28.802
-28.789
-28.894
-28.96
-29.059
-29.177
-29.217
-29.282
-29.289
-29.328
-29.391
-29.463
-29.476
-29.526
-29.483
-29.391
-29.516
-29.572
-29.575
-29.588
-29.647
-29.687
-29.713
-29.802
-29.871
-29.854
-29.854
-29.986
-30.058
-30.124
-30.173
-30.15
-30.209
-30.203
-30.259
-30.314
-30.305
-30.449
-30.528
-30.702
-30.752
-30.857
-30.962
-31.031
-31.192
-31.162
-31.258
-31.34
-31.314
-31.363
-31.393
-31.514
-31.508
-31.504
-31.616
-31.596
-31.626
-31.665
-31.609
-31.491
-31.554
-31.445
-31.337
-31.192
-30.965
-30.663
-30.347
-30.038
-29.812
-29.71
-29.611
-29.641
-29.7
-29.841
-30.028
-30.239
-30.285
-30.466
-30.614
-30.712
-30.814
-30.949
-31.103
-31.271
-31.432
-31.659
-31.83
-31.872
-32.004
-32.122
-32.227
-32.293
-32.385
-32.605
-32.711
-32.793
-32.832
-32.931
-32.987
-33.046
-33.131
-33.151
-33.23
-33.167
-33.223
-33.306
-33.329
-33.388
-33.302
-33.338
-33.286
-33.164
-33.197
-33.148
-33.141
-33.131
-33.003
-32.862
-32.845
-32.717
-32.609
-32.497
-32.428
-32.267
-32.066
-31.826
-31.675
-31.366
-30.965
-30.521
-30.074
-29.759
-29.401
-29.23
-29.105
-29.0
-29.049
-29.056
-29.072
-29.151
-29.138
-29.203
-29.312
-29.411
-29.45
-29.535
-29.644
-29.772
-29.808
-29.835
-29.877
-29.913
-30.028
-30.137
-30.147
-30.199
-30.167
-30.16
-30.091
-30.196
-30.134
-30.12
-30.058
-30.038
-29.989
-29.864
-29.815
-29.785
-29.736
-29.67
-29.539
-29.493
-29.424
-29.358
-29.217
-29.194
-29.131
-28.937
-28.852
-28.645
-28.51
-28.293
-28.056
-27.807
-27.409
-27.123
-26.748
-26.423
-26.225
-26.081
-26.071
-26.015
-26.048
-26.222
-26.324
-26.475
-26.59
-26.797
-26.817
-26.995
-27.093
-27.254
-27.323
-27.432
-27.524
-27.691
-27.737
-27.839
-27.879
-28.014
-28.03
-28.073
-28.142
-28.237
-28.378
-28.454
-28.638
-28.753
-28.891
-28.963
-29.01
-29.075
-29.052
-29.157
-29.194
-29.197
-29.256
-29.194
-29.236
-29.243
-29.144
-29.177
-29.217
-29.148
-29.111
-29.079
-29.056
-29.056
-28.967
-28.957
-28.832
-28.819
-28.694
-28.484
-28.283
-28.017
-27.728
-27.317
-27.116
-26.889
-26.788
-26.778
-26.673
-26.676
-26.797
-26.804
-26.919
-27.083
-27.162
-27.353
-27.59
-27.688
-27.764
-27.964
-28.037
-27.984
-28.102
-28.342
-28.336
-28.513
-28.586
-28.681
-28.848
-28.822
-29.013
-29.079
-29.213
-29.371
-29.358
-29.44
-29.483
-29.519
-29.549
-29.641
-29.736
-29.769
-29.874
-29.907
-29.953
-30.038
-30.055
-29.999
-30.061
-30.028
-30.002
-30.028
-29.989
-30.032
-30.022
-29.966
-29.877
-29.854
-29.818
-29.782
-29.7
-29.624
-29.539
-29.315
-29.072
-28.756
-28.418
-28.119
-27.82
-27.484
-27.353
-27.35
-27.254
-27.317
-27.445
-27.563
-27.718
-27.787
-27.908
-27.961
-28.066
-28.198
-28.319
-28.398
-28.385
-28.53
-28.586
-28.641
-28.766
-28.806
-28.783
-28.766
-28.77
-28.868
-28.894
-28.934
-29.042
-28.944
-28.993
-29.003
-29.029
-28.96
-28.921
-29.0
-28.97
-28.95
-28.993
-28.993
-28.96
-28.934
-28.911
-28.858
-28.894
-28.806
-28.789
-28.727
-28.625
-28.53
-28.438
-28.319
-28.231
-28.023
-27.922
-27.662
-27.235
-26.919
-26.561
-26.318
-26.166
-26.081
-26.087
-26.133
-26.17
-26.252
-26.341
-26.472
-26.617
-26.827
-26.85
-26.988
-27.175
-27.366
-27.448
-27.718
-27.82
-28.004
-28.102
-28.217
-28.263
-28.503
-28.533
-28.648
-28.678
-28.799
-28.793
-28.868
-28.954
-28.97
-29.102
-29.088
-29.115
-29.2
-29.184
-29.194
-29.203
-29.141
-29.118
-29.052
-29.052
-28.944
-28.954
-28.927
-28.98
-28.96
-28.888
-28.901
-28.786
-28.674
-28.707
-28.566
-28.526
-28.375
-28.254
-28.112
-28.053
-27.79
-27.475
-27.136
-26.686
-26.495
-26.373
-26.219
-26.202
-26.153
-26.321
-26.367
-26.617
-26.738
-26.834
-27.051
-27.185
-27.336
-27.609
-27.8
-28.02
-28.217
-28.539
-28.783
-29.069
-29.23
-29.335
-29.503
-29.581
-29.818
-29.959
-30.019
-30.15
-30.344
-30.443
-30.545
-30.623
-30.83
-31.051
-31.113
-31.261
-31.287
-31.324
-31.527
-31.504
-31.567
-31.678
-31.669
-31.721
-31.734
-31.764
-31.744
-31.711
-31.751
-31.794
-31.715
-31.619
-31.501
-31.481
-31.425
-31.32
-31.192
-31.146
-30.916
-30.732
-30.479
-30.308
-29.999
-29.644
-29.22
-28.839
-28.355
-28.086
-27.843
-27.721
-27.563
-27.521
-27.517
-27.599
-27.586
-27.645
-27.718
-27.76
-27.866
-27.931
-28.096
-28.175
-28.25
-28.29
-28.378
-28.342
-28.497
-28.684
-28.678
-28.632
-28.615
-28.625
-28.612
-28.622
-28.595
-28.569
-28.516
-28.421
-28.395
-28.316
-28.24
-28.273
-28.214
-28.083
-28.014
-27.984
-27.849
-27.77
-27.698
-27.59
-27.53
-27.35
-27.225
-27.185
-27.087
-26.889
-26.623
-26.41
-26.081
-25.765
-25.358
-25.006
-24.819
-24.628
-24.506
-24.428
-24.437
-24.585
-24.664
-24.875
-25.026
-25.21
-25.341
-25.47
-25.637
-25.752
-25.913
-26.091
-26.199
-26.288
-26.416
-26.485
-26.587
-26.696
-26.755
-26.899
-26.942
-27.051
-27.149
-27.238
-27.415
-27.442
-27.547
-27.553
-27.655
-27.642
-27.774
-27.915
-27.951
-28.063
-28.06
-28.089
-28.125
-28.201
-28.194
-28.135
-28.227
-28.247
-28.323
-28.372
-28.454
-28.536
-28.655
-28.671
-28.773
-28.842
-28.888
-28.927
-28.963
-29.013
-28.996
-29.069
-29.108
-29.141
-29.128
-29.174
-29.049
-29.029
-28.871
-28.681
-28.415
-28.112
-27.892
-27.708
-27.632
-27.55
-27.438
-27.521
-27.636
-27.777
-27.931
-28.066
-28.277
-28.434
-28.569
-28.77
-29.075
-29.19
-29.384
-29.555
-29.759
-29.9
-30.022
-30.222
-30.311
-30.429
-30.548
-30.521
-30.653
-30.729
-30.824
-30.926
-31.011
-31.034
-31.097
-31.195
-31.199
-31.264
-31.37
-31.439
-31.508
-31.58
